run:
Avg[50	5	1	5.0	1.0	5.0]
Avg[50	6	1	6.0	1.01	5.9405940594059405]
Avg[50	7	1	6.99	1.02	6.852941176470589]
Avg[50	8	1	7.99	1.06	7.537735849056603]
Avg[50	9	1	8.96	1.15	7.791304347826088]
Avg[50	10	1	9.94	1.25	7.952]
Avg[50	10	2	1.0	1.0	1.0]
Avg[50	11	1	10.91	1.48	7.371621621621622]
Avg[50	11	2	1.0	1.0	1.0]
Avg[50	12	1	11.84	1.8	6.5777777777777775]
Avg[50	12	2	1.0	1.0	1.0]
Avg[50	13	1	12.72	1.88	6.765957446808511]
Avg[50	13	2	1.02	1.02	1.0]
Avg[50	14	1	13.78	2.41	5.7178423236514515]
Avg[50	14	2	1.03	1.02	1.0098039215686274]
Avg[50	15	1	14.51	2.8	5.182142857142858]
Avg[50	15	2	1.02	1.04	0.9807692307692307]
Avg[50	15	3	1.0	1.0	1.0]
Avg[50	16	1	15.42	3.55	4.343661971830986]
Avg[50	16	2	1.09	1.09	1.0]
Avg[50	16	3	1.0	1.0	1.0]
Avg[50	17	1	16.27	3.78	4.304232804232805]
Avg[50	17	2	1.08	1.17	0.9230769230769232]
Avg[50	17	3	1.01	1.0	1.01]
Avg[50	18	1	16.94	4.45	3.806741573033708]
Avg[50	18	2	1.12	1.15	0.973913043478261]
Avg[50	18	3	1.01	1.01	1.0]
Avg[50	19	1	17.73	4.83	3.670807453416149]
Avg[50	19	2	1.27	1.18	1.076271186440678]
Avg[50	19	3	1.0	1.02	0.9803921568627451]
Avg[50	20	1	18.46	5.48	3.3686131386861313]
Avg[50	20	2	1.41	1.35	1.0444444444444443]
Avg[50	20	3	1.01	1.01	1.0]
Avg[50	20	4	1.0	1.0	1.0]
Avg[50	25	1	21.81	9.05	2.4099447513812153]
Avg[50	25	2	1.92	1.86	1.032258064516129]
Avg[50	25	3	1.06	1.06	1.0]
Avg[50	25	4	1.0	1.0	1.0]
Avg[50	25	5	1.0	1.0	1.0]
Avg[50	30	1	24.19	13.3	1.818796992481203]
Avg[50	30	2	3.0	2.96	1.0135135135135136]
Avg[50	30	3	1.27	1.36	0.9338235294117646]
Avg[50	30	4	1.04	1.04	1.0]
Avg[50	30	5	1.02	1.0	1.02]
Avg[50	30	6	1.0	1.0	1.0]
Avg[50	35	1	27.09	16.97	1.5963464938126106]
Avg[50	35	2	5.03	3.95	1.2734177215189872]
Avg[50	35	3	1.58	1.54	1.025974025974026]
Avg[50	35	4	1.12	1.16	0.9655172413793105]
Avg[50	35	5	1.03	1.03	1.0]
Avg[50	35	6	1.02	1.01	1.00990099009901]
Avg[50	35	7	1.0	1.0	1.0]
Avg[50	40	1	28.5	20.08	1.4193227091633467]
Avg[50	40	2	6.55	5.16	1.2693798449612403]
Avg[50	40	3	2.24	2.17	1.0322580645161292]
Avg[50	40	4	1.29	1.24	1.0403225806451613]
Avg[50	40	5	1.07	1.06	1.009433962264151]
Avg[50	40	6	1.04	1.0	1.04]
Avg[50	40	7	1.0	1.0	1.0]
Avg[50	40	8	1.0	1.0	1.0]
Avg[50	45	1	30.55	23.48	1.301107325383305]
Avg[50	45	2	9.15	7.22	1.2673130193905817]
Avg[50	45	3	2.99	2.67	1.1198501872659177]
Avg[50	45	4	1.5	1.67	0.8982035928143713]
Avg[50	45	5	1.16	1.14	1.0175438596491229]
Avg[50	45	6	1.03	1.04	0.9903846153846154]
Avg[50	45	7	1.03	1.0	1.03]
Avg[50	45	8	1.0	1.0	1.0]
Avg[50	45	9	1.0	1.0	1.0]
Avg[50	50	1	31.91	25.89	1.2325222093472383]
Avg[50	50	2	11.76	9.58	1.2275574112734864]
Avg[50	50	3	3.72	3.53	1.0538243626062325]
Avg[50	50	4	2.02	1.81	1.1160220994475138]
Avg[50	50	5	1.34	1.29	1.0387596899224807]
Avg[50	50	6	1.1	1.16	0.9482758620689656]
Avg[50	50	7	1.05	1.04	1.0096153846153846]
Avg[50	50	8	1.0	1.0	1.0]
Avg[50	50	9	1.02	1.0	1.02]
Avg[50	50	10	1.0	1.0	1.0]
Avg[50	55	1	33.01	27.19	1.2140492828245677]
Avg[50	55	2	13.39	11.38	1.1766256590509665]
Avg[50	55	3	4.97	4.59	1.0827886710239651]
Avg[50	55	4	2.37	2.25	1.0533333333333335]
Avg[50	55	5	1.49	1.47	1.0136054421768708]
Avg[50	55	6	1.24	1.27	0.9763779527559054]
Avg[50	55	7	1.08	1.04	1.0384615384615385]
Avg[50	55	8	1.02	1.02	1.0]
Avg[50	55	9	1.01	1.0	1.01]
Avg[50	55	10	1.0	1.01	0.9900990099009901]
Avg[50	55	11	1.0	1.0	1.0]
Avg[50	60	1	33.86	30.15	1.1230514096185737]
Avg[50	60	2	15.85	13.13	1.2071591774562072]
Avg[50	60	3	6.09	5.55	1.0972972972972974]
Avg[50	60	4	2.98	2.87	1.038327526132404]
Avg[50	60	5	1.82	1.78	1.0224719101123596]
Avg[50	60	6	1.21	1.32	0.9166666666666666]
Avg[50	60	7	1.08	1.12	0.9642857142857143]
Avg[50	60	8	1.05	1.04	1.0096153846153846]
Avg[50	60	9	1.01	1.01	1.0]
Avg[50	60	10	1.0	1.01	0.9900990099009901]
Avg[50	60	11	1.0	1.0	1.0]
Avg[50	60	12	1.0	1.0	1.0]
Avg[50	65	1	35.15	31.62	1.1116382036685641]
Avg[50	65	2	18.58	15.51	1.1979368149580916]
Avg[50	65	3	7.37	6.63	1.1116138763197587]
Avg[50	65	4	3.58	3.63	0.9862258953168045]
Avg[50	65	5	2.07	2.16	0.9583333333333331]
Avg[50	65	6	1.43	1.47	0.9727891156462585]
Avg[50	65	7	1.19	1.24	0.9596774193548386]
Avg[50	65	8	1.1	1.08	1.0185185185185186]
Avg[50	65	9	1.02	1.02	1.0]
Avg[50	65	10	1.02	1.02	1.0]
Avg[50	65	11	1.01	1.01	1.0]
Avg[50	65	12	1.0	1.0	1.0]
Avg[50	65	13	1.0	1.0	1.0]
Avg[50	70	1	35.66	32.65	1.0921898928024503]
Avg[50	70	2	19.68	18.19	1.0819131390874106]
Avg[50	70	3	8.67	7.2	1.2041666666666666]
Avg[50	70	4	4.27	3.87	1.1033591731266148]
Avg[50	70	5	2.15	2.31	0.9307359307359306]
Avg[50	70	6	1.7	1.58	1.0759493670886076]
Avg[50	70	7	1.36	1.29	1.054263565891473]
Avg[50	70	8	1.14	1.09	1.0458715596330272]
Avg[50	70	9	1.1	1.05	1.0476190476190477]
Avg[50	70	10	1.02	1.01	1.00990099009901]
Avg[50	70	11	1.02	1.02	1.0]
Avg[50	70	12	1.0	1.0	1.0]
Avg[50	70	13	1.0	1.0	1.0]
Avg[50	70	14	1.0	1.0	1.0]
Avg[50	75	1	36.26	34.5	1.0510144927536231]
Avg[50	75	2	21.37	18.01	1.1865630205441422]
Avg[50	75	3	10.3	9.19	1.1207834602829163]
Avg[50	75	4	4.71	4.76	0.9894957983193278]
Avg[50	75	5	2.89	2.75	1.050909090909091]
Avg[50	75	6	1.95	1.83	1.0655737704918031]
Avg[50	75	7	1.41	1.41	1.0]
Avg[50	75	8	1.22	1.29	0.945736434108527]
Avg[50	75	9	1.11	1.12	0.9910714285714286]
Avg[50	75	10	1.03	1.08	0.9537037037037037]
Avg[50	75	11	1.03	1.01	1.0198019801980198]
Avg[50	75	12	1.03	1.0	1.03]
Avg[50	75	13	1.0	1.03	0.970873786407767]
Avg[50	75	14	1.01	1.0	1.01]
Avg[50	75	15	1.0	1.0	1.0]
Avg[50	80	1	37.59	34.58	1.0870445344129556]
Avg[50	80	2	23.0	20.27	1.1346817957572768]
Avg[50	80	3	11.38	10.56	1.0776515151515151]
Avg[50	80	4	5.72	5.35	1.0691588785046728]
Avg[50	80	5	3.11	3.34	0.9311377245508982]
Avg[50	80	6	2.2	2.15	1.0232558139534884]
Avg[50	80	7	1.5	1.53	0.9803921568627451]
Avg[50	80	8	1.26	1.34	0.9402985074626865]
Avg[50	80	9	1.1	1.12	0.9821428571428571]
Avg[50	80	10	1.09	1.06	1.028301886792453]
Avg[50	80	11	1.02	1.0	1.02]
Avg[50	80	12	1.01	1.03	0.9805825242718447]
Avg[50	80	13	1.0	1.04	0.9615384615384615]
Avg[50	80	14	1.0	1.0	1.0]
Avg[50	80	15	1.0	1.0	1.0]
Avg[50	80	16	1.0	1.0	1.0]
Avg[50	85	1	38.17	35.24	1.083144154370034]
Avg[50	85	2	23.99	22.36	1.0728980322003578]
Avg[50	85	3	12.34	11.73	1.052003410059676]
Avg[50	85	4	6.83	6.51	1.0491551459293396]
Avg[50	85	5	3.7	3.87	0.9560723514211886]
Avg[50	85	6	2.48	2.45	1.0122448979591836]
Avg[50	85	7	1.77	1.78	0.9943820224719101]
Avg[50	85	8	1.51	1.51	1.0]
Avg[50	85	9	1.19	1.18	1.0084745762711864]
Avg[50	85	10	1.16	1.06	1.0943396226415094]
Avg[50	85	11	1.1	1.03	1.0679611650485437]
Avg[50	85	12	1.02	1.04	0.9807692307692307]
Avg[50	85	13	1.03	1.01	1.0198019801980198]
Avg[50	85	14	1.0	1.01	0.9900990099009901]
Avg[50	85	15	1.0	1.01	0.9900990099009901]
Avg[50	85	16	1.0	1.0	1.0]
Avg[50	85	17	1.0	1.0	1.0]
Avg[50	90	1	38.53	36.38	1.059098405717427]
Avg[50	90	2	25.66	24.22	1.059454995871181]
Avg[50	90	3	14.29	13.09	1.0916730328495035]
Avg[50	90	4	6.98	7.21	0.9680998613037448]
Avg[50	90	5	4.78	4.43	1.0790067720090295]
Avg[50	90	6	2.95	2.82	1.046099290780142]
Avg[50	90	7	1.98	2.11	0.9383886255924171]
Avg[50	90	8	1.58	1.62	0.9753086419753086]
Avg[50	90	9	1.3	1.41	0.921985815602837]
Avg[50	90	10	1.23	1.21	1.0165289256198347]
Avg[50	90	11	1.1	1.14	0.9649122807017545]
Avg[50	90	12	1.02	1.05	0.9714285714285714]
Avg[50	90	13	1.04	1.05	0.9904761904761905]
Avg[50	90	14	1.0	1.01	0.9900990099009901]
Avg[50	90	15	1.0	1.01	0.9900990099009901]
Avg[50	90	16	1.0	1.0	1.0]
Avg[50	90	17	1.0	1.0	1.0]
Avg[50	90	18	1.01	1.0	1.01]
Avg[50	95	1	39.25	36.82	1.065996740901684]
Avg[50	95	2	27.43	25.88	1.0598918083462132]
Avg[50	95	3	15.81	14.64	1.0799180327868851]
Avg[50	95	4	8.97	8.44	1.0627962085308058]
Avg[50	95	5	5.38	4.89	1.100204498977505]
Avg[50	95	6	3.26	3.42	0.9532163742690059]
Avg[50	95	7	2.36	2.15	1.0976744186046512]
Avg[50	95	8	1.84	1.87	0.9839572192513368]
Avg[50	95	9	1.36	1.41	0.9645390070921988]
Avg[50	95	10	1.25	1.24	1.0080645161290323]
Avg[50	95	11	1.11	1.1	1.009090909090909]
Avg[50	95	12	1.03	1.06	0.9716981132075472]
Avg[50	95	13	1.03	1.06	0.9716981132075472]
Avg[50	95	14	1.01	1.02	0.9901960784313726]
Avg[50	95	15	1.01	1.0	1.01]
Avg[50	95	16	1.0	1.01	0.9900990099009901]
Avg[50	95	17	1.0	1.01	0.9900990099009901]
Avg[50	95	18	1.0	1.0	1.0]
Avg[50	95	19	1.0	1.0	1.0]
Avg[50	100	1	38.85	37.64	1.0321466524973433]
Avg[50	100	2	27.4	26.19	1.046200840015273]
Avg[50	100	3	16.15	16.34	0.9883720930232557]
Avg[50	100	4	9.72	9.66	1.0062111801242237]
Avg[50	100	5	5.7	5.47	1.0420475319926874]
Avg[50	100	6	3.5	3.68	0.9510869565217391]
Avg[50	100	7	2.45	2.64	0.9280303030303031]
Avg[50	100	8	1.88	1.85	1.016216216216216]
Avg[50	100	9	1.48	1.6	0.9249999999999999]
Avg[50	100	10	1.43	1.27	1.125984251968504]
Avg[50	100	11	1.15	1.15	1.0]
Avg[50	100	12	1.05	1.08	0.9722222222222222]
Avg[50	100	13	1.06	1.07	0.9906542056074766]
Avg[50	100	14	1.09	1.05	1.0380952380952382]
Avg[50	100	15	1.02	1.0	1.02]
Avg[50	100	16	1.0	1.02	0.9803921568627451]
Avg[50	100	17	1.0	1.0	1.0]
Avg[50	100	18	1.0	1.0	1.0]
Avg[50	100	19	1.0	1.0	1.0]
Avg[50	100	20	1.0	1.0	1.0]
Avg[50	110	1	40.45	38.04	1.06335436382755]
Avg[50	110	2	29.76	27.75	1.0724324324324326]
Avg[50	110	3	19.24	18.75	1.0261333333333333]
Avg[50	110	4	11.01	10.89	1.0110192837465564]
Avg[50	110	5	7.17	7.23	0.9917012448132779]
Avg[50	110	6	4.5	4.71	0.9554140127388535]
Avg[50	110	7	3.05	3.15	0.9682539682539683]
Avg[50	110	8	2.36	2.14	1.102803738317757]
Avg[50	110	9	1.73	1.68	1.0297619047619049]
Avg[50	110	10	1.5	1.36	1.102941176470588]
Avg[50	110	11	1.32	1.28	1.03125]
Avg[50	110	12	1.18	1.23	0.959349593495935]
Avg[50	110	13	1.11	1.1	1.009090909090909]
Avg[50	110	14	1.06	1.09	0.9724770642201834]
Avg[50	110	15	1.05	1.02	1.0294117647058825]
Avg[50	110	16	1.03	1.04	0.9903846153846154]
Avg[50	110	17	1.02	1.01	1.00990099009901]
Avg[50	110	18	1.01	1.01	1.0]
Avg[50	110	19	1.01	1.01	1.0]
Avg[50	110	20	1.01	1.0	1.01]
Avg[50	110	21	1.0	1.0	1.0]
Avg[50	110	22	1.0	1.0	1.0]
Avg[50	120	1	40.88	39.79	1.027393817542096]
Avg[50	120	2	30.96	29.71	1.0420733759676877]
Avg[50	120	3	21.54	20.85	1.033093525179856]
Avg[50	120	4	13.76	13.23	1.040060468631897]
Avg[50	120	5	8.64	8.33	1.0372148859543817]
Avg[50	120	6	5.45	6.15	0.8861788617886178]
Avg[50	120	7	3.84	4.05	0.9481481481481482]
Avg[50	120	8	2.72	2.73	0.9963369963369965]
Avg[50	120	9	2.12	2.2	0.9636363636363636]
Avg[50	120	10	1.58	1.68	0.9404761904761906]
Avg[50	120	11	1.46	1.53	0.9542483660130718]
Avg[50	120	12	1.27	1.2	1.0583333333333333]
Avg[50	120	13	1.23	1.2	1.0250000000000001]
Avg[50	120	14	1.13	1.15	0.9826086956521739]
Avg[50	120	15	1.07	1.1	0.9727272727272727]
Avg[50	120	16	1.06	1.05	1.0095238095238095]
Avg[50	120	17	1.03	1.04	0.9903846153846154]
Avg[50	120	18	1.01	1.03	0.9805825242718447]
Avg[50	120	19	1.01	1.01	1.0]
Avg[50	120	20	1.0	1.0	1.0]
Avg[50	120	21	1.0	1.0	1.0]
Avg[50	120	22	1.01	1.0	1.01]
Avg[50	120	23	1.0	1.0	1.0]
Avg[50	120	24	1.0	1.0	1.0]
Avg[50	130	1	41.72	40.69	1.0253133448021627]
Avg[50	130	2	31.86	31.6	1.0082278481012659]
Avg[50	130	3	23.61	22.66	1.0419240953221536]
Avg[50	130	4	15.22	15.08	1.0092838196286473]
Avg[50	130	5	9.67	9.82	0.9847250509164969]
Avg[50	130	6	6.87	7.16	0.9594972067039106]
Avg[50	130	7	4.92	4.82	1.020746887966805]
Avg[50	130	8	3.27	3.39	0.9646017699115044]
Avg[50	130	9	2.71	2.74	0.9890510948905109]
Avg[50	130	10	2.2	2.04	1.0784313725490198]
Avg[50	130	11	1.59	1.79	0.888268156424581]
Avg[50	130	12	1.53	1.36	1.125]
Avg[50	130	13	1.3	1.42	0.915492957746479]
Avg[50	130	14	1.2	1.23	0.975609756097561]
Avg[50	130	15	1.14	1.13	1.008849557522124]
Avg[50	130	16	1.08	1.09	0.9908256880733944]
Avg[50	130	17	1.05	1.07	0.9813084112149533]
Avg[50	130	18	1.02	1.04	0.9807692307692307]
Avg[50	130	19	1.02	1.01	1.00990099009901]
Avg[50	130	20	1.04	1.02	1.0196078431372548]
Avg[50	130	21	1.01	1.02	0.9901960784313726]
Avg[50	130	22	1.02	1.0	1.02]
Avg[50	130	23	1.01	1.0	1.01]
Avg[50	130	24	1.01	1.0	1.01]
Avg[50	130	25	1.0	1.0	1.0]
Avg[50	130	26	1.0	1.0	1.0]
Avg[50	140	1	42.59	40.88	1.0418297455968688]
Avg[50	140	2	34.32	32.2	1.0658385093167702]
Avg[50	140	3	25.82	23.77	1.0862431636516618]
Avg[50	140	4	17.63	17.18	1.0261932479627474]
Avg[50	140	5	11.9	11.77	1.0110450297366187]
Avg[50	140	6	7.97	7.56	1.0542328042328042]
Avg[50	140	7	5.78	5.63	1.0266429840142097]
Avg[50	140	8	4.3	4.06	1.059113300492611]
Avg[50	140	9	2.98	2.87	1.038327526132404]
Avg[50	140	10	2.46	2.29	1.074235807860262]
Avg[50	140	11	1.96	1.99	0.9849246231155778]
Avg[50	140	12	1.62	1.67	0.970059880239521]
Avg[50	140	13	1.47	1.38	1.065217391304348]
Avg[50	140	14	1.31	1.26	1.0396825396825398]
Avg[50	140	15	1.33	1.22	1.0901639344262295]
Avg[50	140	16	1.11	1.13	0.9823008849557524]
Avg[50	140	17	1.08	1.11	0.9729729729729729]
Avg[50	140	18	1.07	1.13	0.9469026548672568]
Avg[50	140	19	1.08	1.04	1.0384615384615385]
Avg[50	140	20	1.02	1.01	1.00990099009901]
Avg[50	140	21	1.0	1.02	0.9803921568627451]
Avg[50	140	22	1.01	1.01	1.0]
Avg[50	140	23	1.02	1.0	1.02]
Avg[50	140	24	1.0	1.01	0.9900990099009901]
Avg[50	140	25	1.0	1.01	0.9900990099009901]
Avg[50	140	26	1.01	1.0	1.01]
Avg[50	140	27	1.0	1.0	1.0]
Avg[50	140	28	1.0	1.0	1.0]
Avg[50	150	1	42.7	41.67	1.0247180225581953]
Avg[50	150	2	34.57	34.09	1.0140803754766792]
Avg[50	150	3	26.78	26.16	1.0237003058103975]
Avg[50	150	4	19.45	19.06	1.0204616998950682]
Avg[50	150	5	13.82	12.97	1.0655358519660756]
Avg[50	150	6	9.58	8.79	1.0898748577929467]
Avg[50	150	7	6.97	6.8	1.025]
Avg[50	150	8	5.04	4.92	1.024390243902439]
Avg[50	150	9	3.86	3.8	1.0157894736842106]
Avg[50	150	10	2.74	3.03	0.9042904290429045]
Avg[50	150	11	2.25	2.5	0.9]
Avg[50	150	12	1.84	1.83	1.005464480874317]
Avg[50	150	13	1.71	1.56	1.096153846153846]
Avg[50	150	14	1.49	1.45	1.0275862068965518]
Avg[50	150	15	1.29	1.2	1.0750000000000002]
Avg[50	150	16	1.27	1.21	1.0495867768595042]
Avg[50	150	17	1.15	1.1	1.0454545454545452]
Avg[50	150	18	1.12	1.09	1.0275229357798166]
Avg[50	150	19	1.05	1.07	0.9813084112149533]
Avg[50	150	20	1.03	1.03	1.0]
Avg[50	150	21	1.04	1.01	1.0297029702970297]
Avg[50	150	22	1.04	1.02	1.0196078431372548]
Avg[50	150	23	1.02	1.03	0.9902912621359223]
Avg[50	150	24	1.0	1.01	0.9900990099009901]
Avg[50	150	25	1.0	1.0	1.0]
Avg[50	150	26	1.01	1.0	1.01]
Avg[50	150	27	1.02	1.0	1.02]
Avg[50	150	28	1.0	1.0	1.0]
Avg[50	150	29	1.0	1.0	1.0]
Avg[50	150	30	1.0	1.0	1.0]
Avg[50	160	1	42.9	41.83	1.0255797274683243]
Avg[50	160	2	35.37	34.65	1.0207792207792208]
Avg[50	160	3	27.94	28.14	0.9928926794598437]
Avg[50	160	4	21.07	19.6	1.075]
Avg[50	160	5	15.18	14.77	1.027758970886933]
Avg[50	160	6	10.98	10.94	1.003656307129799]
Avg[50	160	7	7.6	7.71	0.9857328145265888]
Avg[50	160	8	5.31	5.71	0.9299474605954465]
Avg[50	160	9	4.46	4.06	1.0985221674876848]
Avg[50	160	10	3.51	3.51	1.0]
Avg[50	160	11	2.45	2.89	0.8477508650519031]
Avg[50	160	12	2.08	2.13	0.9765258215962442]
Avg[50	160	13	1.9	1.85	1.027027027027027]
Avg[50	160	14	1.64	1.48	1.1081081081081081]
Avg[50	160	15	1.37	1.48	0.9256756756756758]
Avg[50	160	16	1.22	1.32	0.9242424242424242]
Avg[50	160	17	1.23	1.29	0.9534883720930232]
Avg[50	160	18	1.13	1.2	0.9416666666666667]
Avg[50	160	19	1.11	1.09	1.0183486238532111]
Avg[50	160	20	1.04	1.05	0.9904761904761905]
Avg[50	160	21	1.02	1.06	0.9622641509433962]
Avg[50	160	22	1.07	1.03	1.0388349514563107]
Avg[50	160	23	1.01	1.01	1.0]
Avg[50	160	24	1.02	1.01	1.00990099009901]
Avg[50	160	25	1.0	1.0	1.0]
Avg[50	160	26	1.0	1.03	0.970873786407767]
Avg[50	160	27	1.01	1.02	0.9901960784313726]
Avg[50	160	28	1.0	1.0	1.0]
Avg[50	160	29	1.0	1.0	1.0]
Avg[50	160	30	1.0	1.0	1.0]
Avg[50	160	31	1.0	1.0	1.0]
Avg[50	160	32	1.0	1.0	1.0]
Avg[50	170	1	43.17	42.83	1.0079383609619426]
Avg[50	170	2	36.41	35.26	1.0326148610323311]
Avg[50	170	3	29.67	28.87	1.0277104260478005]
Avg[50	170	4	21.72	22.64	0.9593639575971731]
Avg[50	170	5	16.55	15.59	1.0615779345734446]
Avg[50	170	6	12.76	11.52	1.1076388888888888]
Avg[50	170	7	9.27	8.53	1.0867526377491208]
Avg[50	170	8	6.79	6.22	1.0916398713826367]
Avg[50	170	9	4.79	5.26	0.9106463878326997]
Avg[50	170	10	3.58	4.1	0.8731707317073172]
Avg[50	170	11	2.95	3.1	0.9516129032258065]
Avg[50	170	12	2.5	2.21	1.1312217194570136]
Avg[50	170	13	2.19	2.03	1.078817733990148]
Avg[50	170	14	1.71	1.75	0.9771428571428571]
Avg[50	170	15	1.69	1.53	1.1045751633986927]
Avg[50	170	16	1.52	1.42	1.0704225352112677]
Avg[50	170	17	1.22	1.25	0.976]
Avg[50	170	18	1.2	1.13	1.0619469026548674]
Avg[50	170	19	1.13	1.19	0.9495798319327731]
Avg[50	170	20	1.09	1.14	0.9561403508771932]
Avg[50	170	21	1.11	1.06	1.0471698113207548]
Avg[50	170	22	1.07	1.08	0.9907407407407407]
Avg[50	170	23	1.07	1.02	1.0490196078431373]
Avg[50	170	24	1.02	1.05	0.9714285714285714]
Avg[50	170	25	1.02	1.01	1.00990099009901]
Avg[50	170	26	1.0	1.01	0.9900990099009901]
Avg[50	170	27	1.02	1.03	0.9902912621359223]
Avg[50	170	28	1.01	1.02	0.9901960784313726]
Avg[50	170	29	1.0	1.02	0.9803921568627451]
Avg[50	170	30	1.01	1.0	1.01]
Avg[50	170	31	1.0	1.01	0.9900990099009901]
Avg[50	170	32	1.0	1.02	0.9803921568627451]
Avg[50	170	33	1.0	1.0	1.0]
Avg[50	170	34	1.0	1.0	1.0]
Avg[50	180	1	43.69	43.19	1.0115767538782126]
Avg[50	180	2	37.31	36.39	1.0252816707886783]
Avg[50	180	3	30.29	30.02	1.008994003997335]
Avg[50	180	4	24.1	23.09	1.0437418796015592]
Avg[50	180	5	18.03	17.84	1.0106502242152466]
Avg[50	180	6	13.72	13.61	1.0080822924320354]
Avg[50	180	7	10.11	9.41	1.0743889479277364]
Avg[50	180	8	7.83	7.36	1.0638586956521738]
Avg[50	180	9	5.66	5.53	1.023508137432188]
Avg[50	180	10	4.26	4.36	0.9770642201834862]
Avg[50	180	11	3.68	3.49	1.0544412607449856]
Avg[50	180	12	2.64	2.63	1.0038022813688214]
Avg[50	180	13	2.33	2.36	0.9872881355932204]
Avg[50	180	14	2.21	2.12	1.042452830188679]
Avg[50	180	15	1.82	1.67	1.0898203592814373]
Avg[50	180	16	1.45	1.49	0.9731543624161073]
Avg[50	180	17	1.4	1.32	1.0606060606060606]
Avg[50	180	18	1.27	1.3	0.9769230769230769]
Avg[50	180	19	1.25	1.17	1.0683760683760684]
Avg[50	180	20	1.15	1.19	0.9663865546218487]
Avg[50	180	21	1.15	1.08	1.0648148148148147]
Avg[50	180	22	1.06	1.11	0.954954954954955]
Avg[50	180	23	1.06	1.06	1.0]
Avg[50	180	24	1.01	1.03	0.9805825242718447]
Avg[50	180	25	1.03	1.05	0.9809523809523809]
Avg[50	180	26	1.0	1.01	0.9900990099009901]
Avg[50	180	27	1.03	1.03	1.0]
Avg[50	180	28	1.01	1.0	1.01]
Avg[50	180	29	1.0	1.02	0.9803921568627451]
Avg[50	180	30	1.0	1.01	0.9900990099009901]
Avg[50	180	31	1.02	1.01	1.00990099009901]
Avg[50	180	32	1.0	1.0	1.0]
Avg[50	180	33	1.0	1.0	1.0]
Avg[50	180	34	1.01	1.0	1.01]
Avg[50	180	35	1.0	1.01	0.9900990099009901]
Avg[50	180	36	1.0	1.0	1.0]
Avg[50	190	1	43.72	43.3	1.0096997690531178]
Avg[50	190	2	37.57	37.0	1.0154054054054054]
Avg[50	190	3	31.22	30.78	1.014294996751137]
Avg[50	190	4	24.92	24.13	1.032739328636552]
Avg[50	190	5	19.25	20.71	0.9295026557218734]
Avg[50	190	6	15.01	14.41	1.0416377515614157]
Avg[50	190	7	11.35	11.1	1.0225225225225225]
Avg[50	190	8	8.41	8.31	1.0120336943441637]
Avg[50	190	9	6.38	6.38	1.0]
Avg[50	190	10	4.75	5.08	0.9350393700787402]
Avg[50	190	11	3.8	4.05	0.9382716049382716]
Avg[50	190	12	3.14	3.33	0.942942942942943]
Avg[50	190	13	2.72	2.65	1.0264150943396229]
Avg[50	190	14	2.39	2.48	0.9637096774193549]
Avg[50	190	15	1.88	1.83	1.0273224043715845]
Avg[50	190	16	1.88	1.56	1.205128205128205]
Avg[50	190	17	1.52	1.4	1.0857142857142859]
Avg[50	190	18	1.46	1.34	1.08955223880597]
Avg[50	190	19	1.23	1.29	0.9534883720930232]
Avg[50	190	20	1.15	1.2	0.9583333333333333]
Avg[50	190	21	1.26	1.16	1.0862068965517242]
Avg[50	190	22	1.11	1.08	1.027777777777778]
Avg[50	190	23	1.13	1.15	0.9826086956521739]
Avg[50	190	24	1.08	1.08	1.0]
Avg[50	190	25	1.01	1.05	0.9619047619047618]
Avg[50	190	26	1.05	1.05	1.0]
Avg[50	190	27	1.03	1.0	1.03]
Avg[50	190	28	1.01	1.01	1.0]
Avg[50	190	29	1.01	1.01	1.0]
Avg[50	190	30	1.0	1.01	0.9900990099009901]
Avg[50	190	31	1.0	1.01	0.9900990099009901]
Avg[50	190	32	1.0	1.0	1.0]
Avg[50	190	33	1.0	1.0	1.0]
Avg[50	190	34	1.0	1.0	1.0]
Avg[50	190	35	1.0	1.0	1.0]
Avg[50	190	36	1.0	1.0	1.0]
Avg[50	190	37	1.01	1.0	1.01]
Avg[50	190	38	1.01	1.0	1.01]
成功构建 (总时间: 5 分钟 58 秒)
