run:
Avg[100	2	1	2.0	1.0	2.0]
Avg[100	3	1	3.0	1.0	3.0]
Avg[100	4	1	4.0	1.0	4.0]
Avg[100	5	1	5.0	1.0	5.0]
Avg[100	6	1	6.0	1.0	6.0]
Avg[100	7	1	7.0	1.0	7.0]
Avg[100	8	1	8.0	1.0	8.0]
Avg[100	9	1	9.0	1.0	9.0]
Avg[100	10	1	10.0	1.0	10.0]
Avg[100	11	1	10.99	1.01	10.881188118811881]
Avg[100	12	1	12.0	1.0	12.0]
Avg[100	13	1	13.0	1.06	12.264150943396226]
Avg[100	14	1	14.0	1.1	12.727272727272727]
Avg[100	15	1	15.0	1.12	13.392857142857142]
Avg[100	16	1	15.98	1.17	13.65811965811966]
Avg[100	17	1	16.96	1.19	14.252100840336135]
Avg[100	18	1	17.96	1.35	13.303703703703704]
Avg[100	19	1	18.93	1.53	12.372549019607844]
Avg[100	20	1	19.88	1.59	12.503144654088048]
Avg[100	25	1	24.57	2.67	9.202247191011237]
Avg[100	30	1	29.05	4.38	6.632420091324201]
Avg[100	35	1	32.99	7.13	4.626928471248247]
Avg[100	40	1	37.0	10.13	3.6525172754195454]
Avg[100	45	1	40.38	14.48	2.7886740331491713]
Avg[100	50	1	43.55	16.69	2.6093469143199517]
Avg[100	55	1	46.33	20.38	2.273307163886163]
Avg[100	60	1	49.1	25.8	1.9031007751937985]
Avg[100	65	1	51.54	30.22	1.7054930509596293]
Avg[100	70	1	53.65	33.18	1.6169379144062688]
Avg[100	75	1	55.35	36.93	1.4987814784727864]
Avg[100	80	1	56.78	39.8	1.4266331658291458]
Avg[100	85	1	59.5	42.91	1.3866231647634586]
Avg[100	90	1	60.78	45.95	1.3227421109902067]
Avg[100	95	1	62.3	47.98	1.2984576907044603]
Avg[100	100	1	63.11	50.81	1.2420783310371972]
Avg[100	110	1	66.18	55.99	1.1819967851402038]
Avg[100	120	1	67.44	58.85	1.145964316057774]
Avg[100	130	1	70.11	62.09	1.1291673377355451]
Avg[100	140	1	71.43	64.6	1.1057275541795668]
Avg[100	150	1	73.29	67.15	1.0914370811615786]
Avg[100	200	1	79.06	75.08	1.0530101225359616]
成功构建 (总时间: 1 分钟 4 秒)
