run:
Avg[50	2	1	2.0	1.0	2.0]
Avg[50	3	1	3.0	1.0	3.0]
Avg[50	4	1	4.0	1.0	4.0]
Avg[50	5	1	5.0	1.0	5.0]
Avg[50	6	1	6.0	1.0	6.0]
Avg[50	7	1	6.99	1.01	6.920792079207921]
Avg[50	8	1	7.99	1.1	7.263636363636364]
Avg[50	9	1	8.96	1.09	8.220183486238533]
Avg[50	10	1	9.94	1.26	7.888888888888888]
Avg[50	11	1	10.91	1.43	7.62937062937063]
Avg[50	12	1	11.84	1.74	6.804597701149425]
Avg[50	13	1	12.72	2.11	6.028436018957347]
Avg[50	14	1	13.78	2.62	5.259541984732824]
Avg[50	15	1	14.51	2.82	5.145390070921986]
Avg[50	16	1	15.42	3.25	4.7446153846153845]
Avg[50	17	1	16.27	4.03	4.037220843672456]
Avg[50	18	1	16.94	4.37	3.876430205949657]
Avg[50	19	1	17.73	5.35	3.3140186915887853]
Avg[50	20	1	18.46	5.68	3.2500000000000004]
Avg[50	25	1	21.81	9.47	2.3030623020063357]
Avg[50	30	1	24.19	13.53	1.787878787878788]
Avg[50	35	1	27.09	17.1	1.5842105263157893]
Avg[50	40	1	28.5	20.72	1.3754826254826256]
Avg[50	45	1	30.55	22.77	1.3416776460254722]
Avg[50	50	1	31.91	25.57	1.2479468126710989]
Avg[50	55	1	33.01	27.74	1.1899783705839941]
Avg[50	60	1	33.86	29.98	1.1294196130753835]
Avg[50	65	1	35.15	31.68	1.1095328282828283]
Avg[50	70	1	35.66	32.35	1.1023183925811435]
Avg[50	75	1	36.26	33.46	1.0836820083682008]
Avg[50	80	1	37.59	34.79	1.080482897384306]
Avg[50	85	1	38.17	35.91	1.0629351155666946]
Avg[50	90	1	38.53	36.47	1.056484782012613]
Avg[50	95	1	39.25	37.54	1.045551411827384]
Avg[50	100	1	38.85	38.17	1.0178150379879487]
Avg[50	110	1	40.45	38.85	1.0411840411840412]
Avg[50	120	1	40.88	39.83	1.0263620386643235]
Avg[50	130	1	41.72	40.48	1.0306324110671938]
Avg[50	140	1	42.59	40.99	1.0390339107099293]
Avg[50	150	1	42.7	42.15	1.0130486358244366]
Avg[50	160	1	42.9	42.49	1.0096493292539421]
Avg[50	170	1	43.17	42.79	1.0088805795746671]
Avg[50	180	1	43.69	43.27	1.0097064941067713]
Avg[50	190	1	43.72	43.4	1.0073732718894008]
成功构建 (总时间: 6 分钟 37 秒)
