run:
[50	1	0.05	0.0025	2.16	1.0	1.97	1.0964	2.88	0.75]
[50	1	0.1	0.01	5.08	1.0	2.02	2.5149	3.2	1.5875]
[50	1	0.15	0.0225	7.82	1.0	2.18	3.5872	3.78	2.0688]
[50	1	0.2	0.04	9.72	1.0	2.57	3.7821	3.97	2.4484]
[50	1	0.25	0.0625	12.48	1.0	3.0	4.16	4.43	2.8172]
[50	1	0.3	0.09	14.78	1.0	3.1	4.7677	4.77	3.0985]
[50	1	0.35	0.1225	17.78	1.0	3.45	5.1536	5.25	3.3867]
[50	1	0.4	0.16	20.04	1.0	3.85	5.2052	5.62	3.5658]
[50	1	0.45	0.2025	23.17	1.0	4.06	5.7069	6.03	3.8425]
[50	1	0.5	0.25	25.7	1.0	4.46	5.7623	6.58	3.9058]
[50	1	0.55	0.3025	27.43	1.0	4.75	5.7747	7.29	3.7627]
[50	1	0.6	0.36	30.32	1.0	5.37	5.6462	8.04	3.7711]
[50	1	0.65	0.4225	32.77	1.0	5.84	5.6113	8.84	3.707]
[50	1	0.7	0.49	35.45	1.0	6.41	5.5304	9.98	3.5521]
[50	1	0.75	0.5625	36.99	1.0	7.38	5.0122	11.47	3.2249]
[50	1	0.8	0.64	39.52	1.0	8.62	4.5847	12.9	3.0636]
[50	1	0.85	0.7225	42.74	1.0	10.64	4.0169	16.31	2.6205]
[50	1	0.9	0.81	45.02	1.0	13.43	3.3522	20.59	2.1865]
[50	1	0.95	0.9025	47.34	1.0	20.71	2.2859	28.07	1.6865]
[50	2	0.05	0.0048	3.32	1.0	2.0	1.66	2.86	1.1608]
[50	2	0.1	0.0187	5.71	1.0	2.09	2.7321	3.23	1.7678]
[50	2	0.15	0.0407	7.86	1.0	2.67	2.9438	3.79	2.0739]
[50	2	0.2	0.0699	9.53	1.0	3.02	3.1556	3.98	2.3945]
[50	2	0.25	0.1055	11.23	1.0	3.32	3.3825	4.45	2.5236]
[50	2	0.3	0.1467	12.24	1.0	3.73	3.2815	4.85	2.5237]
[50	2	0.35	0.1928	13.34	1.0	4.04	3.302	5.19	2.5703]
[50	2	0.4	0.2432	14.63	1.0	4.27	3.4262	5.68	2.5757]
[50	2	0.45	0.2972	14.51	1.0	4.71	3.0807	6.05	2.3983]
[50	2	0.5	0.3542	15.58	1.0	5.26	2.962	6.57	2.3714]
[50	2	0.55	0.4137	16.84	1.0	5.75	2.9287	7.26	2.3196]
[50	2	0.6	0.4752	18.73	1.0	6.26	2.992	7.98	2.3471]
[50	2	0.65	0.5383	21.43	1.0	7.14	3.0014	8.89	2.4106]
[50	2	0.7	0.6027	24.11	1.0	8.17	2.951	9.81	2.4577]
[50	2	0.75	0.668	27.99	1.0	9.15	3.059	11.2	2.4991]
[50	2	0.8	0.7339	32.21	1.0	10.83	2.9741	13.17	2.4457]
[50	2	0.85	0.8002	36.32	1.0	13.1	2.7725	16.01	2.2686]
[50	2	0.9	0.8667	40.9	1.0	17.29	2.3655	20.59	1.9864]
[50	2	0.95	0.9333	45.33	1.0	25.23	1.7967	28.09	1.6137]
[50	3	0.05	0.007	3.35	1.0	2.01	1.6667	2.93	1.1433]
[50	3	0.1	0.0263	5.52	1.0	2.22	2.4865	3.15	1.7524]
[50	3	0.15	0.0554	7.81	1.0	2.96	2.6385	3.78	2.0661]
[50	3	0.2	0.0924	8.64	1.0	3.16	2.7342	4.04	2.1386]
[50	3	0.25	0.1356	9.38	1.0	3.61	2.5983	4.42	2.1222]
[50	3	0.3	0.1835	9.57	0.9979	3.97	2.4106	4.84	1.9773]
[50	3	0.35	0.2351	9.7	0.9969	4.19	2.315	5.1	1.902]
[50	3	0.4	0.2893	9.6	0.9938	4.76	2.0168	5.75	1.6696]
[50	3	0.45	0.3455	9.75	0.9877	5.13	1.9006	6.07	1.6063]
[50	3	0.5	0.4031	10.57	0.9934	5.58	1.8943	6.69	1.58]
[50	3	0.55	0.4617	11.41	0.9895	6.3	1.8111	7.18	1.5891]
[50	3	0.6	0.5208	12.64	0.996	6.85	1.8453	7.89	1.602]
[50	3	0.65	0.5804	15.0	0.9967	7.62	1.9685	8.88	1.6892]
[50	3	0.7	0.6401	17.94	0.9989	8.83	2.0317	10.06	1.7833]
[50	3	0.75	0.7	20.72	1.0	10.04	2.0637	11.36	1.8239]
[50	3	0.8	0.76	26.5	1.0	11.61	2.2825	12.97	2.0432]
[50	3	0.85	0.82	30.07	1.0	14.32	2.0999	16.11	1.8665]
[50	3	0.9	0.88	36.4	1.0	18.73	1.9434	20.6	1.767]
[50	3	0.95	0.94	42.68	1.0	26.23	1.6271	28.02	1.5232]
[50	4	0.05	0.0091	3.76	1.0	2.02	1.8614	2.89	1.301]
[50	4	0.1	0.0329	5.72	1.0	2.48	2.3065	3.23	1.7709]
[50	4	0.15	0.0675	7.2	1.0	3.01	2.392	3.64	1.978]
[50	4	0.2	0.1097	7.67	1.0	3.32	2.3102	4.05	1.8938]
[50	4	0.25	0.1572	8.2	0.9976	3.8	2.1579	4.35	1.8851]
[50	4	0.3	0.2082	8.03	1.0	4.13	1.9443	4.8	1.6729]
[50	4	0.35	0.2617	7.73	0.9897	4.55	1.6989	5.12	1.5098]
[50	4	0.4	0.3167	7.81	0.9872	4.9	1.5939	5.64	1.3848]
[50	4	0.45	0.3726	8.55	0.9848	5.39	1.5863	6.14	1.3925]
[50	4	0.5	0.4291	9.13	0.9748	5.93	1.5396	6.59	1.3854]
[50	4	0.55	0.486	9.99	0.983	6.62	1.5091	7.21	1.3856]
[50	4	0.6	0.543	11.27	0.9849	7.21	1.5631	7.89	1.4284]
[50	4	0.65	0.6	12.77	0.9875	7.91	1.6144	8.85	1.4429]
[50	4	0.7	0.6572	14.82	0.9926	8.96	1.654	9.86	1.503]
[50	4	0.75	0.7143	18.03	0.9978	10.37	1.7387	11.2	1.6098]
[50	4	0.8	0.7714	21.37	0.9986	11.99	1.7823	13.19	1.6202]
[50	4	0.85	0.8286	26.22	1.0	14.64	1.791	16.18	1.6205]
[50	4	0.9	0.8857	33.2	1.0	18.92	1.7548	20.4	1.6275]
[50	4	0.95	0.9429	40.8	1.0	26.89	1.5173	28.15	1.4494]
[50	5	0.05	0.011	3.81	1.0	2.01	1.8955	2.89	1.3183]
[50	5	0.1	0.0387	5.72	1.0	2.64	2.1667	3.2	1.7875]
[50	5	0.15	0.0774	6.71	0.9985	3.05	2.2	3.75	1.7893]
[50	5	0.2	0.123	6.96	1.0	3.42	2.0351	4.03	1.727]
[50	5	0.25	0.1729	6.91	0.9971	3.87	1.7855	4.45	1.5528]
[50	5	0.3	0.2254	6.8	0.9824	4.17	1.6307	4.75	1.4316]
[50	5	0.35	0.2793	6.95	0.9727	4.63	1.5011	5.16	1.3469]
[50	5	0.4	0.334	7.28	0.9835	5.09	1.4303	5.59	1.3023]
[50	5	0.45	0.3892	7.83	0.977	5.5	1.4236	5.92	1.3226]
[50	5	0.5	0.4446	8.53	0.9625	6.04	1.4123	6.49	1.3143]
[50	5	0.55	0.5	9.5	0.9811	6.53	1.4548	7.21	1.3176]
[50	5	0.6	0.5556	10.3	0.9835	7.38	1.3957	7.85	1.3121]
[50	5	0.65	0.6111	11.54	0.9827	8.06	1.4318	8.82	1.3084]
[50	5	0.7	0.6667	13.7	0.9927	9.01	1.5205	9.82	1.3951]
[50	5	0.75	0.7222	16.29	0.9975	10.57	1.5412	11.24	1.4493]
[50	5	0.8	0.7778	19.25	0.9969	12.2	1.5779	13.23	1.455]
[50	5	0.85	0.8333	23.78	0.9996	15.04	1.5811	15.97	1.489]
[50	5	0.9	0.8889	30.47	1.0	19.16	1.5903	20.45	1.49]
[50	5	0.95	0.9444	38.95	1.0	27.11	1.4367	27.83	1.3996]
[50	6	0.05	0.0128	3.93	1.0	2.02	1.9455	2.87	1.3693]
[50	6	0.1	0.0439	5.6	1.0	2.77	2.0217	3.2	1.75]
[50	6	0.15	0.0857	6.48	1.0	3.1	2.0903	3.68	1.7609]
[50	6	0.2	0.1335	6.46	0.9954	3.6	1.7944	4.02	1.607]
[50	6	0.25	0.1847	6.19	0.9855	4.02	1.5398	4.41	1.4036]
[50	6	0.3	0.2376	6.17	0.9692	4.34	1.4217	4.76	1.2962]
[50	6	0.35	0.2914	6.46	0.9659	4.75	1.36	5.05	1.2792]
[50	6	0.4	0.3457	6.75	0.96	5.21	1.2956	5.58	1.2097]
[50	6	0.45	0.4001	7.45	0.9611	5.54	1.3448	5.89	1.2649]
[50	6	0.5	0.4546	8.13	0.9619	6.15	1.322	6.64	1.2244]
[50	6	0.55	0.5091	8.6	0.9535	6.61	1.3011	7.02	1.2251]
[50	6	0.6	0.5636	9.93	0.9718	7.4	1.3419	7.97	1.2459]
[50	6	0.65	0.6182	10.83	0.9723	8.31	1.3032	8.96	1.2087]
[50	6	0.7	0.6727	13.04	0.9854	9.22	1.4143	9.96	1.3092]
[50	6	0.75	0.7273	14.85	0.9933	10.34	1.4362	11.16	1.3306]
[50	6	0.8	0.7818	18.04	0.9972	12.48	1.4455	13.16	1.3708]
[50	6	0.85	0.8364	22.02	0.9991	15.24	1.4449	16.3	1.3509]
[50	6	0.9	0.8909	28.2	1.0	19.36	1.4566	20.17	1.3981]
[50	6	0.95	0.9455	37.46	1.0	27.09	1.3828	28.04	1.3359]
[50	7	0.05	0.0144	4.13	0.9976	2.02	2.0446	2.84	1.4542]
[50	7	0.1	0.0484	5.5	1.0	2.89	1.9031	3.22	1.7081]
[50	7	0.15	0.0925	6.0	0.9983	3.13	1.9169	3.71	1.6173]
[50	7	0.2	0.1418	5.89	0.9966	3.62	1.6271	4.01	1.4688]
[50	7	0.25	0.1937	5.81	0.9759	4.03	1.4417	4.44	1.3086]
[50	7	0.3	0.2467	5.87	0.9523	4.43	1.3251	4.87	1.2053]
[50	7	0.35	0.3002	6.18	0.9498	4.79	1.2902	5.17	1.1954]
[50	7	0.4	0.3539	6.59	0.9575	5.32	1.2387	5.61	1.1747]
[50	7	0.45	0.4077	7.22	0.9515	5.75	1.2557	6.03	1.1973]
[50	7	0.5	0.4615	7.89	0.9544	6.18	1.2767	6.61	1.1936]
[50	7	0.55	0.5154	8.64	0.9606	6.69	1.2915	7.26	1.1901]
[50	7	0.6	0.5692	9.66	0.97	7.37	1.3107	7.98	1.2105]
[50	7	0.65	0.6231	10.7	0.9748	8.33	1.2845	8.62	1.2413]
[50	7	0.7	0.6769	12.3	0.9805	9.37	1.3127	9.97	1.2337]
[50	7	0.75	0.7308	14.54	0.9904	10.65	1.3653	11.16	1.3029]
[50	7	0.8	0.7846	17.18	0.9948	12.32	1.3945	13.18	1.3035]
[50	7	0.85	0.8385	21.06	0.9976	15.46	1.3622	16.35	1.2881]
[50	7	0.9	0.8923	27.1	0.9996	19.7	1.3756	20.65	1.3123]
[50	7	0.95	0.9462	35.82	1.0	27.21	1.3164	27.64	1.2959]
[50	8	0.05	0.016	4.07	1.0	2.08	1.9567	2.92	1.3938]
[50	8	0.1	0.0524	5.34	0.9981	2.91	1.8351	3.18	1.6792]
[50	8	0.15	0.0983	5.43	0.9982	3.12	1.7404	3.7	1.4676]
[50	8	0.2	0.1485	5.71	0.993	3.75	1.5227	4.01	1.4239]
[50	8	0.25	0.2007	5.57	0.9803	4.03	1.3821	4.45	1.2517]
[50	8	0.3	0.2536	5.66	0.9505	4.25	1.3318	4.83	1.1718]
[50	8	0.35	0.3067	6.0	0.945	4.75	1.2632	5.14	1.1673]
[50	8	0.4	0.36	6.44	0.9441	5.29	1.2174	5.51	1.1688]
[50	8	0.45	0.4133	6.9	0.942	5.64	1.2234	6.18	1.1165]
[50	8	0.5	0.4667	7.86	0.9517	6.36	1.2358	6.45	1.2186]
[50	8	0.55	0.52	8.29	0.9602	6.88	1.2049	7.11	1.166]
[50	8	0.6	0.5733	9.24	0.9675	7.62	1.2126	7.89	1.1711]
[50	8	0.65	0.6267	10.43	0.9732	8.31	1.2551	8.8	1.1852]
[50	8	0.7	0.68	12.04	0.9809	9.47	1.2714	10.02	1.2016]
[50	8	0.75	0.7333	14.01	0.99	10.71	1.3081	11.18	1.2531]
[50	8	0.8	0.7867	16.79	0.9952	12.76	1.3158	13.25	1.2672]
[50	8	0.85	0.84	19.96	0.9985	15.37	1.2986	16.24	1.2291]
[50	8	0.9	0.8933	25.55	0.9992	19.83	1.2885	20.53	1.2445]
[50	8	0.95	0.9467	34.77	1.0	27.51	1.2639	28.2	1.233]
[50	9	0.05	0.0175	4.05	1.0	2.09	1.9378	2.86	1.4161]
[50	9	0.1	0.0559	5.1	0.998	2.97	1.7172	3.12	1.6346]
[50	9	0.15	0.1032	5.46	0.9963	3.33	1.6396	3.77	1.4483]
[50	9	0.2	0.154	5.42	0.9779	3.76	1.4415	3.99	1.3584]
[50	9	0.25	0.2062	5.34	0.9551	4.07	1.312	4.38	1.2192]
[50	9	0.3	0.2589	5.53	0.9439	4.39	1.2597	4.82	1.1473]
[50	9	0.35	0.3118	5.78	0.9464	4.84	1.1942	5.15	1.1223]
[50	9	0.4	0.3647	6.34	0.9401	5.29	1.1985	5.7	1.1123]
[50	9	0.45	0.4176	6.83	0.9575	5.69	1.2004	6.11	1.1178]
[50	9	0.5	0.4706	7.58	0.9551	6.2	1.2226	6.55	1.1573]
[50	9	0.55	0.5235	8.1	0.9556	7.04	1.1506	7.18	1.1281]
[50	9	0.6	0.5765	9.08	0.9593	7.5	1.2107	7.91	1.1479]
[50	9	0.65	0.6294	10.17	0.9676	8.46	1.2021	8.86	1.1479]
[50	9	0.7	0.6824	11.81	0.9805	9.37	1.2604	9.95	1.1869]
[50	9	0.75	0.7353	13.48	0.9852	10.87	1.2401	11.25	1.1982]
[50	9	0.8	0.7882	15.68	0.9943	12.61	1.2435	13.03	1.2034]
[50	9	0.85	0.8412	19.68	0.9944	15.88	1.2393	16.11	1.2216]
[50	9	0.9	0.8941	24.95	1.0	20.28	1.2303	20.56	1.2135]
[50	9	0.95	0.9471	33.39	1.0	27.63	1.2085	27.55	1.212]
[50	10	0.05	0.0189	3.81	1.0	2.11	1.8057	2.86	1.3322]
[50	10	0.1	0.059	5.03	1.0	2.98	1.6879	3.21	1.567]
[50	10	0.15	0.1073	5.15	1.0	3.32	1.5512	3.7	1.3919]
[50	10	0.2	0.1585	5.23	0.9885	3.7	1.4135	4.1	1.2756]
[50	10	0.25	0.2107	5.13	0.9474	4.13	1.2421	4.36	1.1766]
[50	10	0.3	0.2632	5.48	0.9453	4.56	1.2018	4.85	1.1299]
[50	10	0.35	0.3158	5.89	0.9202	4.97	1.1851	5.26	1.1198]
[50	10	0.4	0.3684	6.21	0.9243	5.28	1.1761	5.64	1.1011]
[50	10	0.45	0.4211	6.68	0.9401	5.83	1.1458	6.04	1.106]
[50	10	0.5	0.4737	7.53	0.9429	6.3	1.1952	6.54	1.1514]
[50	10	0.55	0.5263	8.23	0.949	6.95	1.1842	7.32	1.1243]
[50	10	0.6	0.5789	9.26	0.9579	7.78	1.1902	7.94	1.1662]
[50	10	0.65	0.6316	10.45	0.9665	8.74	1.1957	8.9	1.1742]
[50	10	0.7	0.6842	11.35	0.9753	9.51	1.1935	9.87	1.1499]
[50	10	0.75	0.7368	13.3	0.9865	10.84	1.2269	11.51	1.1555]
[50	10	0.8	0.7895	15.79	0.9949	12.91	1.2231	13.13	1.2026]
[50	10	0.85	0.8421	19.32	0.9974	15.63	1.2361	15.97	1.2098]
[50	10	0.9	0.8947	24.81	1.0	20.05	1.2374	20.44	1.2138]
[50	10	0.95	0.9474	33.01	1.0	27.32	1.2083	28.16	1.1722]
[50	11	0.05	0.0202	4.05	1.0	2.2	1.8409	2.92	1.387]
[50	11	0.1	0.0618	4.85	0.9979	3.01	1.6113	3.16	1.5348]
[50	11	0.15	0.1109	4.92	0.9837	3.32	1.4819	3.73	1.319]
[50	11	0.2	0.1623	5.06	0.9842	3.78	1.3386	4.1	1.2341]
[50	11	0.25	0.2144	5.13	0.9435	4.1	1.2512	4.57	1.1225]
[50	11	0.3	0.2667	5.36	0.9179	4.44	1.2072	4.88	1.0984]
[50	11	0.35	0.3191	5.82	0.9072	4.93	1.1805	5.23	1.1128]
[50	11	0.4	0.3714	6.19	0.9208	5.38	1.1506	5.6	1.1054]
[50	11	0.45	0.4238	6.66	0.9384	5.69	1.1705	6.14	1.0847]
[50	11	0.5	0.4762	7.47	0.9518	6.31	1.1838	6.61	1.1301]
[50	11	0.55	0.5286	7.99	0.9537	6.8	1.175	7.23	1.1051]
[50	11	0.6	0.581	8.89	0.9651	7.57	1.1744	7.86	1.131]
[50	11	0.65	0.6333	9.81	0.9684	8.51	1.1528	8.89	1.1035]
[50	11	0.7	0.6857	11.27	0.984	9.48	1.1888	9.75	1.1559]
[50	11	0.75	0.7381	12.75	0.9875	10.95	1.1644	11.19	1.1394]
[50	11	0.8	0.7905	15.91	0.9943	12.92	1.2314	13.1	1.2145]
[50	11	0.85	0.8429	18.8	0.9984	15.82	1.1884	16.12	1.1663]
[50	11	0.9	0.8952	24.37	1.0	19.79	1.2314	20.48	1.1899]
[50	11	0.95	0.9476	32.65	1.0	27.42	1.1907	27.79	1.1749]
[50	12	0.05	0.0214	3.91	0.9974	2.15	1.8186	2.88	1.3576]
[50	12	0.1	0.0643	4.76	0.9979	3.02	1.5762	3.11	1.5305]
[50	12	0.15	0.1139	4.82	0.9813	3.28	1.4695	3.71	1.2992]
[50	12	0.2	0.1654	4.83	0.9627	3.92	1.2321	4.04	1.1955]
[50	12	0.25	0.2174	4.9	0.9306	4.21	1.1639	4.4	1.1136]
[50	12	0.3	0.2696	5.26	0.9202	4.55	1.156	4.8	1.0958]
[50	12	0.35	0.3217	5.62	0.9164	5.01	1.1218	5.26	1.0684]
[50	12	0.4	0.3739	5.9	0.922	5.38	1.0967	5.52	1.0688]
[50	12	0.45	0.4261	6.79	0.9264	5.79	1.1727	6.12	1.1095]
[50	12	0.5	0.4783	7.15	0.9273	6.46	1.1068	6.53	1.0949]
[50	12	0.55	0.5304	8.08	0.9406	6.94	1.1643	7.26	1.1129]
[50	12	0.6	0.5826	8.82	0.9637	7.67	1.1499	8.05	1.0957]
[50	12	0.65	0.6348	9.46	0.9693	8.56	1.1051	8.64	1.0949]
[50	12	0.7	0.687	11.33	0.9788	9.86	1.1491	9.79	1.1573]
[50	12	0.75	0.7391	12.86	0.9798	11.01	1.168	11.18	1.1503]
[50	12	0.8	0.7913	15.2	0.9941	12.9	1.1783	13.26	1.1463]
[50	12	0.85	0.8435	18.41	0.9984	15.43	1.1931	16.09	1.1442]
[50	12	0.9	0.8957	24.14	0.9988	20.34	1.1868	20.56	1.1741]
[50	12	0.95	0.9478	32.09	1.0	27.82	1.1535	27.78	1.1551]
[50	13	0.05	0.0225	3.89	1.0	2.24	1.7366	2.86	1.3601]
[50	13	0.1	0.0666	4.55	0.9912	3.02	1.5066	3.19	1.4263]
[50	13	0.15	0.1166	4.69	0.9765	3.36	1.3958	3.71	1.2642]
[50	13	0.2	0.1681	4.7	0.9426	3.92	1.199	4.01	1.1721]
[50	13	0.25	0.22	4.96	0.9375	4.27	1.1616	4.48	1.1071]
[50	13	0.3	0.272	5.22	0.9042	4.51	1.1574	4.69	1.113]
[50	13	0.35	0.324	5.45	0.8991	4.99	1.0922	5.15	1.0583]
[50	13	0.4	0.376	5.95	0.9193	5.55	1.0721	5.57	1.0682]
[50	13	0.45	0.428	6.45	0.9426	5.85	1.1026	5.95	1.084]
[50	13	0.5	0.48	7.11	0.9255	6.29	1.1304	6.63	1.0724]
[50	13	0.55	0.532	7.76	0.9472	7.06	1.0992	7.3	1.063]
[50	13	0.6	0.584	8.6	0.9581	7.69	1.1183	7.84	1.0969]
[50	13	0.65	0.636	10.0	0.971	8.54	1.171	8.78	1.139]
[50	13	0.7	0.688	11.05	0.981	9.49	1.1644	9.63	1.1475]
[50	13	0.75	0.74	12.84	0.9829	10.83	1.1856	11.45	1.1214]
[50	13	0.8	0.792	15.01	0.996	12.71	1.181	13.31	1.1277]
[50	13	0.85	0.844	18.14	0.9967	15.6	1.1628	16.04	1.1309]
[50	13	0.9	0.896	23.37	0.9996	20.05	1.1656	20.6	1.1345]
[50	13	0.95	0.948	32.08	1.0	27.68	1.159	28.04	1.1441]
[50	14	0.05	0.0236	4.0	1.0	2.17	1.8433	2.95	1.3559]
[50	14	0.1	0.0686	4.42	0.9887	3.01	1.4684	3.27	1.3517]
[50	14	0.15	0.1189	4.53	0.9713	3.41	1.3284	3.73	1.2145]
[50	14	0.2	0.1704	4.66	0.9464	3.9	1.1949	4.09	1.1394]
[50	14	0.25	0.2222	4.88	0.918	4.2	1.1619	4.32	1.1296]
[50	14	0.3	0.2741	5.18	0.9247	4.54	1.141	4.83	1.0725]
[50	14	0.35	0.3259	5.55	0.9081	5.0	1.11	5.13	1.0819]
[50	14	0.4	0.3778	6.0	0.925	5.26	1.1407	5.67	1.0582]
[50	14	0.45	0.4296	6.56	0.9101	5.96	1.1007	6.09	1.0772]
[50	14	0.5	0.4815	7.23	0.9433	6.55	1.1038	6.62	1.0921]
[50	14	0.55	0.5333	7.89	0.9442	7.03	1.1223	7.2	1.0958]
[50	14	0.6	0.5852	8.69	0.962	7.72	1.1256	8.14	1.0676]
[50	14	0.65	0.637	9.63	0.9761	8.6	1.1198	8.89	1.0832]
[50	14	0.7	0.6889	11.09	0.9739	9.55	1.1613	9.97	1.1123]
[50	14	0.75	0.7407	12.7	0.9874	10.82	1.1738	11.18	1.136]
[50	14	0.8	0.7926	14.97	0.9933	13.06	1.1462	13.06	1.1462]
[50	14	0.85	0.8444	17.98	0.9994	15.61	1.1518	15.87	1.133]
[50	14	0.9	0.8963	23.27	1.0	20.24	1.1497	20.61	1.1291]
[50	14	0.95	0.9481	31.68	1.0	27.65	1.1458	27.94	1.1339]
[50	15	0.05	0.0246	3.91	1.0	2.28	1.7149	2.91	1.3436]
[50	15	0.1	0.0704	4.35	0.9977	3.01	1.4452	3.17	1.3722]
[50	15	0.15	0.121	4.51	0.9712	3.45	1.3072	3.73	1.2091]
[50	15	0.2	0.1725	4.57	0.9475	3.8	1.2026	4.08	1.1201]
[50	15	0.25	0.2241	4.77	0.9057	4.19	1.1384	4.4	1.0841]
[50	15	0.3	0.2759	5.17	0.882	4.4	1.175	4.77	1.0839]
[50	15	0.35	0.3276	5.58	0.8943	5.03	1.1093	5.26	1.0608]
[50	15	0.4	0.3793	5.92	0.9105	5.45	1.0862	5.72	1.035]
[50	15	0.45	0.431	6.63	0.9457	5.93	1.118	6.02	1.1013]
[50	15	0.5	0.4828	7.06	0.9221	6.35	1.1118	6.48	1.0895]
[50	15	0.55	0.5345	7.87	0.9403	6.93	1.1356	7.15	1.1007]
[50	15	0.6	0.5862	8.36	0.9545	7.82	1.0691	8.09	1.0334]
[50	15	0.65	0.6379	9.72	0.964	8.46	1.1489	8.81	1.1033]
[50	15	0.7	0.6897	11.02	0.9791	9.68	1.1384	9.87	1.1165]
[50	15	0.75	0.7414	12.61	0.9841	11.04	1.1422	11.17	1.1289]
[50	15	0.8	0.7931	15.01	0.9953	12.8	1.1727	12.94	1.16]
[50	15	0.85	0.8448	17.87	0.9978	15.88	1.1253	15.98	1.1183]
[50	15	0.9	0.8966	23.03	1.0	20.1	1.1458	20.33	1.1328]
[50	15	0.95	0.9483	31.37	1.0	27.64	1.1349	27.94	1.1228]
[50	16	0.05	0.0256	3.85	1.0	2.18	1.7661	2.82	1.3652]
[50	16	0.1	0.0721	4.29	0.9907	3.0	1.43	3.16	1.3576]
[50	16	0.15	0.1228	4.41	0.9637	3.46	1.2746	3.72	1.1855]
[50	16	0.2	0.1742	4.52	0.9425	3.87	1.168	3.93	1.1501]
[50	16	0.25	0.2258	4.83	0.9006	4.11	1.1752	4.42	1.0928]
[50	16	0.3	0.2774	5.21	0.8887	4.6	1.1326	4.78	1.09]
[50	16	0.35	0.329	5.43	0.9098	5.06	1.0731	5.11	1.0626]
[50	16	0.4	0.3806	5.99	0.9115	5.42	1.1052	5.53	1.0832]
[50	16	0.45	0.4323	6.4	0.9234	5.96	1.0738	6.15	1.0407]
[50	16	0.5	0.4839	7.0	0.94	6.42	1.0903	6.56	1.0671]
[50	16	0.55	0.5355	7.79	0.9525	7.12	1.0941	7.19	1.0834]
[50	16	0.6	0.5871	8.55	0.9626	7.89	1.0837	7.97	1.0728]
[50	16	0.65	0.6387	9.58	0.9749	8.42	1.1378	8.88	1.0788]
[50	16	0.7	0.6903	10.87	0.9825	9.67	1.1241	9.85	1.1036]
[50	16	0.75	0.7419	12.47	0.984	11.2	1.1134	11.56	1.0787]
[50	16	0.8	0.7935	14.64	0.9918	13.06	1.121	13.23	1.1066]
[50	16	0.85	0.8452	18.11	0.9989	15.9	1.139	16.04	1.1291]
[50	16	0.9	0.8968	22.62	0.9987	19.99	1.1316	20.54	1.1013]
[50	16	0.95	0.9484	31.28	1.0	27.57	1.1346	28.14	1.1116]
[50	17	0.05	0.0265	4.04	1.0	2.38	1.6975	2.91	1.3883]
[50	17	0.1	0.0736	4.39	0.9886	3.02	1.4536	3.21	1.3676]
[50	17	0.15	0.1244	4.28	0.9533	3.43	1.2478	3.77	1.1353]
[50	17	0.2	0.1758	4.5	0.9133	3.94	1.1421	4.12	1.0922]
[50	17	0.25	0.2273	4.62	0.9069	4.18	1.1053	4.39	1.0524]
[50	17	0.3	0.2788	5.1	0.9059	4.62	1.1039	4.83	1.0559]
[50	17	0.35	0.3303	5.55	0.9009	4.96	1.119	5.16	1.0756]
[50	17	0.4	0.3818	6.01	0.9002	5.42	1.1089	5.68	1.0581]
[50	17	0.45	0.4333	6.44	0.9193	6.0	1.0733	6.09	1.0575]
[50	17	0.5	0.4848	7.18	0.9457	6.33	1.1343	6.56	1.0945]
[50	17	0.55	0.5364	7.94	0.9534	7.04	1.1278	7.16	1.1089]
[50	17	0.6	0.5879	8.56	0.9579	7.89	1.0849	8.15	1.0503]
[50	17	0.65	0.6394	9.53	0.9727	8.84	1.0781	8.55	1.1146]
[50	17	0.7	0.6909	10.7	0.9757	9.69	1.1042	10.04	1.0657]
[50	17	0.75	0.7424	12.41	0.9863	11.05	1.1231	11.3	1.0982]
[50	17	0.8	0.7939	14.48	0.9938	12.93	1.1199	13.1	1.1053]
[50	17	0.85	0.8455	18.06	0.9983	15.57	1.1599	16.18	1.1162]
[50	17	0.9	0.897	22.65	0.9996	19.99	1.1331	20.37	1.1119]
[50	17	0.95	0.9485	31.15	1.0	27.45	1.1348	27.67	1.1258]
[50	18	0.05	0.0274	3.77	1.0	2.31	1.632	2.88	1.309]
[50	18	0.1	0.0749	4.18	0.9856	3.05	1.3705	3.19	1.3103]
[50	18	0.15	0.1258	4.21	0.9287	3.49	1.2063	3.73	1.1287]
[50	18	0.2	0.1772	4.4	0.9227	3.93	1.1196	4.05	1.0864]
[50	18	0.25	0.2286	4.73	0.9133	4.15	1.1398	4.53	1.0442]
[50	18	0.3	0.28	5.07	0.8895	4.6	1.1022	4.9	1.0347]
[50	18	0.35	0.3314	5.46	0.9139	5.05	1.0812	5.22	1.046]
[50	18	0.4	0.3829	5.83	0.9314	5.54	1.0523	5.54	1.0523]
[50	18	0.45	0.4343	6.24	0.9183	6.01	1.0383	6.11	1.0213]
[50	18	0.5	0.4857	7.18	0.9248	6.51	1.1029	6.57	1.0928]
[50	18	0.55	0.5371	7.67	0.94	7.01	1.0942	7.24	1.0594]
[50	18	0.6	0.5886	8.69	0.9574	7.82	1.1113	7.98	1.089]
[50	18	0.65	0.64	9.64	0.9627	8.55	1.1275	8.65	1.1145]
[50	18	0.7	0.6914	10.65	0.9793	9.65	1.1036	9.81	1.0856]
[50	18	0.75	0.7429	12.19	0.9893	10.86	1.1225	11.31	1.0778]
[50	18	0.8	0.7943	14.43	0.9945	12.93	1.116	13.03	1.1074]
[50	18	0.85	0.8457	17.53	0.9983	16.04	1.0929	16.41	1.0683]
[50	18	0.9	0.8971	22.7	0.9996	20.22	1.1227	20.5	1.1073]
[50	18	0.95	0.9486	30.55	1.0	27.64	1.1053	27.83	1.0977]
[50	19	0.05	0.0282	3.88	0.9974	2.39	1.6234	2.92	1.3288]
[50	19	0.1	0.0762	4.17	0.9808	3.02	1.3808	3.17	1.3155]
[50	19	0.15	0.1271	4.19	0.9475	3.54	1.1836	3.82	1.0969]
[50	19	0.2	0.1784	4.43	0.9074	3.9	1.1359	4.09	1.0831]
[50	19	0.25	0.2297	4.72	0.9004	4.21	1.1211	4.39	1.0752]
[50	19	0.3	0.2811	4.97	0.8994	4.72	1.053	4.88	1.0184]
[50	19	0.35	0.3324	5.33	0.8931	4.99	1.0681	5.17	1.0309]
[50	19	0.4	0.3838	5.98	0.8963	5.46	1.0952	5.56	1.0755]
[50	19	0.45	0.4351	6.38	0.9295	5.89	1.0832	6.11	1.0442]
[50	19	0.5	0.4865	7.04	0.9304	6.4	1.1	6.7	1.0507]
[50	19	0.55	0.5378	7.63	0.9423	7.05	1.0823	7.03	1.0853]
[50	19	0.6	0.5892	8.58	0.958	7.82	1.0972	7.96	1.0779]
[50	19	0.65	0.6405	9.61	0.9667	8.57	1.1214	8.68	1.1071]
[50	19	0.7	0.6919	10.47	0.9799	9.85	1.0629	10.08	1.0387]
[50	19	0.75	0.7432	12.39	0.9871	10.92	1.1346	11.37	1.0897]
[50	19	0.8	0.7946	14.18	0.9972	13.08	1.0841	12.86	1.1026]
[50	19	0.85	0.8459	17.33	0.9971	15.67	1.1059	16.18	1.0711]
[50	19	0.9	0.8973	22.35	0.9991	20.19	1.107	20.26	1.1032]
[50	19	0.95	0.9486	30.5	1.0	27.87	1.0944	27.97	1.0905]
[50	20	0.05	0.0289	3.74	1.0	2.36	1.5847	2.85	1.3123]
[50	20	0.1	0.0773	4.07	0.9754	3.07	1.3257	3.16	1.288]
[50	20	0.15	0.1282	4.22	0.9431	3.5	1.2057	3.83	1.1018]
[50	20	0.2	0.1795	4.32	0.9005	3.86	1.1192	4.05	1.0667]
[50	20	0.25	0.2308	4.6	0.9022	4.24	1.0849	4.46	1.0314]
[50	20	0.3	0.2821	5.08	0.872	4.68	1.0855	4.89	1.0389]
[50	20	0.35	0.3333	5.48	0.8978	5.03	1.0895	5.24	1.0458]
[50	20	0.4	0.3846	6.04	0.894	5.34	1.1311	5.72	1.0559]
[50	20	0.45	0.4359	6.48	0.9367	6.0	1.08	6.07	1.0675]
[50	20	0.5	0.4872	7.03	0.9189	6.43	1.0933	6.68	1.0524]
[50	20	0.55	0.5385	7.68	0.9427	7.15	1.0741	7.23	1.0622]
[50	20	0.6	0.5897	8.29	0.9554	7.78	1.0656	7.93	1.0454]
[50	20	0.65	0.641	9.32	0.9732	8.39	1.1108	8.77	1.0627]
[50	20	0.7	0.6923	10.81	0.9833	9.95	1.0864	9.97	1.0843]
[50	20	0.75	0.7436	12.22	0.9828	11.04	1.1069	11.44	1.0682]
[50	20	0.8	0.7949	14.26	0.9944	13.16	1.0836	13.32	1.0706]
[50	20	0.85	0.8462	17.68	0.9966	15.64	1.1304	15.99	1.1057]
[50	20	0.9	0.8974	22.33	0.9996	20.1	1.1109	20.6	1.084]
[50	20	0.95	0.9487	30.51	1.0	27.94	1.092	28.04	1.0881]
[50	25	0.05	0.0322	3.56	0.9972	2.49	1.4297	2.92	1.2192]
[50	25	0.1	0.0817	3.89	0.9666	3.03	1.2838	3.18	1.2233]
[50	25	0.15	0.1327	4.01	0.9227	3.56	1.1264	3.71	1.0809]
[50	25	0.2	0.1837	4.3	0.9	3.97	1.0831	4.05	1.0617]
[50	25	0.25	0.2347	4.5	0.8756	4.34	1.0369	4.45	1.0112]
[50	25	0.3	0.2857	4.94	0.8684	4.66	1.0601	4.87	1.0144]
[50	25	0.35	0.3367	5.43	0.8913	4.99	1.0882	5.14	1.0564]
[50	25	0.4	0.3878	5.81	0.9088	5.57	1.0431	5.53	1.0506]
[50	25	0.45	0.4388	6.34	0.9148	5.9	1.0746	6.05	1.0479]
[50	25	0.5	0.4898	6.82	0.9194	6.47	1.0541	6.66	1.024]
[50	25	0.55	0.5408	7.49	0.9506	6.98	1.0731	7.08	1.0579]
[50	25	0.6	0.5918	8.49	0.9611	7.89	1.076	8.02	1.0586]
[50	25	0.65	0.6429	9.31	0.971	8.44	1.1031	8.72	1.0677]
[50	25	0.7	0.6939	10.46	0.9751	9.8	1.0673	9.84	1.063]
[50	25	0.75	0.7449	12.15	0.9852	11.29	1.0762	11.0	1.1045]
[50	25	0.8	0.7959	13.85	0.9921	13.17	1.0516	13.43	1.0313]
[50	25	0.85	0.8469	17.22	0.9994	15.86	1.0858	16.34	1.0539]
[50	25	0.9	0.898	22.15	1.0	20.19	1.0971	20.76	1.067]
[50	25	0.95	0.949	30.07	1.0	27.98	1.0747	28.06	1.0716]
[50	30	0.05	0.0347	3.6	0.9889	2.59	1.39	2.9	1.2414]
[50	30	0.1	0.0848	3.68	0.9647	3.08	1.1948	3.08	1.1948]
[50	30	0.15	0.1356	3.9	0.8949	3.61	1.0803	3.76	1.0372]
[50	30	0.2	0.1864	4.16	0.8582	3.95	1.0532	4.1	1.0146]
[50	30	0.25	0.2373	4.62	0.868	4.25	1.0871	4.45	1.0382]
[50	30	0.3	0.2881	4.96	0.8508	4.71	1.0531	4.83	1.0269]
[50	30	0.35	0.339	5.25	0.9029	4.98	1.0542	5.14	1.0214]
[50	30	0.4	0.3898	5.88	0.8878	5.49	1.071	5.6	1.05]
[50	30	0.45	0.4407	6.44	0.9177	5.93	1.086	6.17	1.0438]
[50	30	0.5	0.4915	6.84	0.9167	6.36	1.0755	6.7	1.0209]
[50	30	0.55	0.5424	7.5	0.9467	7.2	1.0417	7.17	1.046]
[50	30	0.6	0.5932	8.16	0.9657	7.93	1.029	7.91	1.0316]
[50	30	0.65	0.6441	9.28	0.9795	8.73	1.063	8.97	1.0346]
[50	30	0.7	0.6949	10.5	0.9848	9.59	1.0949	9.76	1.0758]
[50	30	0.75	0.7458	11.93	0.9849	11.14	1.0709	11.31	1.0548]
[50	30	0.8	0.7966	14.08	0.9922	13.06	1.0781	13.36	1.0539]
[50	30	0.85	0.8475	16.77	0.9982	15.78	1.0627	15.78	1.0627]
[50	30	0.9	0.8983	21.54	1.0	20.31	1.0606	20.38	1.0569]
[50	30	0.95	0.9492	29.33	1.0	27.75	1.0569	27.89	1.0516]
[50	35	0.05	0.0366	3.4	0.9912	2.49	1.3655	2.9	1.1724]
[50	35	0.1	0.087	3.53	0.9207	3.07	1.1498	3.22	1.0963]
[50	35	0.15	0.1377	3.9	0.8744	3.61	1.0803	3.74	1.0428]
[50	35	0.2	0.1884	4.15	0.8723	3.99	1.0401	4.03	1.0298]
[50	35	0.25	0.2391	4.5	0.8556	4.27	1.0539	4.45	1.0112]
[50	35	0.3	0.2899	4.84	0.876	4.69	1.032	4.82	1.0041]
[50	35	0.35	0.3406	5.25	0.9048	5.07	1.0355	5.23	1.0038]
[50	35	0.4	0.3913	5.76	0.9045	5.63	1.0231	5.51	1.0454]
[50	35	0.45	0.442	6.18	0.9272	5.99	1.0317	5.88	1.051]
[50	35	0.5	0.4928	6.78	0.9189	6.45	1.0512	6.56	1.0335]
[50	35	0.55	0.5435	7.32	0.9536	6.93	1.0563	7.15	1.0238]
[50	35	0.6	0.5942	8.26	0.9673	7.86	1.0509	7.76	1.0644]
[50	35	0.65	0.6449	9.23	0.9762	8.73	1.0573	8.86	1.0418]
[50	35	0.7	0.6957	10.25	0.9854	10.0	1.025	9.88	1.0374]
[50	35	0.75	0.7464	11.92	0.9933	11.1	1.0739	11.32	1.053]
[50	35	0.8	0.7971	13.83	0.9971	13.18	1.0493	12.81	1.0796]
[50	35	0.85	0.8478	16.74	0.9982	16.11	1.0391	16.12	1.0385]
[50	35	0.9	0.8986	21.58	1.0	20.53	1.0511	20.37	1.0594]
[50	35	0.95	0.9493	29.0	1.0	27.82	1.0424	28.28	1.0255]
[50	40	0.05	0.0382	3.28	0.9848	2.55	1.2863	2.9	1.131]
[50	40	0.1	0.0886	3.46	0.9191	3.09	1.1197	3.16	1.0949]
[50	40	0.15	0.1392	3.87	0.8424	3.63	1.0661	3.73	1.0375]
[50	40	0.2	0.1899	4.11	0.8345	3.99	1.0301	4.02	1.0224]
[50	40	0.25	0.2405	4.58	0.8362	4.36	1.0505	4.42	1.0362]
[50	40	0.3	0.2911	4.86	0.8765	4.68	1.0385	4.92	0.9878]
[50	40	0.35	0.3418	5.25	0.8762	5.15	1.0194	5.18	1.0135]
[50	40	0.4	0.3924	5.95	0.8941	5.56	1.0701	5.65	1.0531]
[50	40	0.45	0.443	6.34	0.9274	5.92	1.0709	6.15	1.0309]
[50	40	0.5	0.4937	6.57	0.9452	6.53	1.0061	6.59	0.997]
[50	40	0.55	0.5443	7.44	0.9503	7.19	1.0348	7.28	1.022]
[50	40	0.6	0.5949	8.43	0.9739	7.92	1.0644	7.88	1.0698]
[50	40	0.65	0.6456	9.09	0.9736	8.8	1.033	8.8	1.033]
[50	40	0.7	0.6962	10.21	0.9824	9.71	1.0515	9.88	1.0334]
[50	40	0.75	0.7468	11.79	0.9958	11.29	1.0443	11.42	1.0324]
[50	40	0.8	0.7975	13.4	0.9993	13.18	1.0167	13.03	1.0284]
[50	40	0.85	0.8481	16.49	1.0	15.98	1.0319	16.0	1.0306]
[50	40	0.9	0.8987	21.65	1.0	20.9	1.0359	20.56	1.053]
[50	40	0.95	0.9494	28.86	1.0	27.75	1.04	28.33	1.0187]
[50	45	0.05	0.0394	3.17	0.9716	2.7	1.1741	2.86	1.1084]
[50	45	0.1	0.0899	3.49	0.9112	3.1	1.1258	3.14	1.1115]
[50	45	0.15	0.1404	3.85	0.8519	3.69	1.0434	3.71	1.0377]
[50	45	0.2	0.191	4.14	0.8502	4.0	1.035	4.07	1.0172]
[50	45	0.25	0.2416	4.44	0.8649	4.35	1.0207	4.44	1.0]
[50	45	0.3	0.2921	4.9	0.8735	4.67	1.0493	4.83	1.0145]
[50	45	0.35	0.3427	5.32	0.8853	5.14	1.035	5.11	1.0411]
[50	45	0.4	0.3933	5.66	0.9258	5.48	1.0328	5.57	1.0162]
[50	45	0.45	0.4438	6.27	0.9298	5.98	1.0485	6.01	1.0433]
[50	45	0.5	0.4944	6.77	0.9542	6.53	1.0368	6.61	1.0242]
[50	45	0.55	0.5449	7.45	0.9597	7.14	1.0434	7.26	1.0262]
[50	45	0.6	0.5955	8.12	0.9618	7.69	1.0559	7.97	1.0188]
[50	45	0.65	0.6461	8.96	0.9844	8.93	1.0034	8.72	1.0275]
[50	45	0.7	0.6966	9.89	0.9879	9.87	1.002	10.06	0.9831]
[50	45	0.75	0.7472	11.91	0.9891	11.17	1.0662	11.28	1.0559]
[50	45	0.8	0.7978	13.7	0.9934	12.79	1.0711	12.87	1.0645]
[50	45	0.85	0.8483	16.3	0.9994	15.93	1.0232	15.97	1.0207]
[50	45	0.9	0.8989	21.27	1.0	20.37	1.0442	20.22	1.0519]
[50	45	0.95	0.9494	29.24	1.0	27.85	1.0499	27.89	1.0484]
[50	50	0.05	0.0405	3.18	0.9717	2.76	1.1522	2.89	1.1003]
[50	50	0.1	0.0909	3.28	0.8994	3.07	1.0684	3.16	1.038]
[50	50	0.15	0.1414	3.74	0.8556	3.64	1.0275	3.7	1.0108]
[50	50	0.2	0.1919	3.99	0.8596	3.97	1.005	4.03	0.9901]
[50	50	0.25	0.2424	4.55	0.8549	4.27	1.0656	4.47	1.0179]
[50	50	0.3	0.2929	4.9	0.8816	4.75	1.0316	4.92	0.9959]
[50	50	0.35	0.3434	5.08	0.8799	5.23	0.9713	5.17	0.9826]
[50	50	0.4	0.3939	5.69	0.9209	5.51	1.0327	5.64	1.0089]
[50	50	0.45	0.4444	6.05	0.9355	5.97	1.0134	5.92	1.022]
[50	50	0.5	0.4949	6.76	0.9527	6.43	1.0513	6.55	1.0321]
[50	50	0.55	0.5455	7.4	0.9541	6.99	1.0587	7.18	1.0306]
[50	50	0.6	0.596	8.2	0.9634	7.74	1.0594	8.01	1.0237]
[50	50	0.65	0.6465	8.99	0.9822	8.8	1.0216	8.74	1.0286]
[50	50	0.7	0.697	10.3	0.9913	9.88	1.0425	9.74	1.0575]
[50	50	0.75	0.7475	11.63	0.9966	11.19	1.0393	11.43	1.0175]
[50	50	0.8	0.798	13.78	0.9978	13.38	1.0299	13.2	1.0439]
[50	50	0.85	0.8485	16.62	1.0	15.97	1.0407	16.46	1.0097]
[50	50	0.9	0.899	21.29	1.0	20.5	1.0385	20.48	1.0396]
[50	50	0.95	0.9495	28.68	1.0	27.88	1.0287	27.8	1.0317]
[50	55	0.05	0.0413	3.12	0.9712	2.77	1.1264	2.89	1.0796]
[50	55	0.1	0.0917	3.31	0.8701	3.2	1.0344	3.22	1.028]
[50	55	0.15	0.1422	3.84	0.8385	3.71	1.035	3.65	1.0521]
[50	55	0.2	0.1927	4.01	0.8354	3.97	1.0101	4.04	0.9926]
[50	55	0.25	0.2431	4.43	0.8646	4.32	1.0255	4.32	1.0255]
[50	55	0.3	0.2936	4.87	0.8706	4.7	1.0362	4.74	1.0274]
[50	55	0.35	0.344	5.28	0.892	5.12	1.0313	5.09	1.0373]
[50	55	0.4	0.3945	5.61	0.9305	5.65	0.9929	5.52	1.0163]
[50	55	0.45	0.445	6.22	0.9357	6.06	1.0264	6.17	1.0081]
[50	55	0.5	0.4954	6.78	0.9499	6.56	1.0335	6.7	1.0119]
[50	55	0.55	0.5459	7.3	0.9753	7.0	1.0429	7.31	0.9986]
[50	55	0.6	0.5963	8.12	0.9766	7.92	1.0253	7.9	1.0278]
[50	55	0.65	0.6468	9.1	0.9868	8.78	1.0364	8.71	1.0448]
[50	55	0.7	0.6972	10.02	0.994	9.59	1.0448	10.06	0.996]
[50	55	0.75	0.7477	11.35	0.9974	11.1	1.0225	11.46	0.9904]
[50	55	0.8	0.7982	13.44	0.9985	13.12	1.0244	13.06	1.0291]
[50	55	0.85	0.8486	16.69	0.9994	15.9	1.0497	16.17	1.0322]
[50	55	0.9	0.8991	21.02	1.0	20.23	1.0391	20.44	1.0284]
[50	55	0.95	0.9495	29.08	1.0	28.19	1.0316	28.09	1.0352]
[50	60	0.05	0.042	3.1	0.9387	2.74	1.1314	2.83	1.0954]
[50	60	0.1	0.0924	3.24	0.8765	3.14	1.0318	3.14	1.0318]
[50	60	0.15	0.1429	3.72	0.8548	3.65	1.0192	3.68	1.0109]
[50	60	0.2	0.1933	4.17	0.8441	4.05	1.0296	4.01	1.0399]
[50	60	0.25	0.2437	4.45	0.8382	4.31	1.0325	4.39	1.0137]
[50	60	0.3	0.2941	4.9	0.8653	4.7	1.0426	4.69	1.0448]
[50	60	0.35	0.3445	5.15	0.8951	5.13	1.0039	5.15	1.0]
[50	60	0.4	0.395	5.68	0.8996	5.48	1.0365	5.63	1.0089]
[50	60	0.45	0.4454	6.06	0.9356	6.07	0.9984	6.05	1.0017]
[50	60	0.5	0.4958	6.57	0.9589	6.64	0.9895	6.64	0.9895]
[50	60	0.55	0.5462	7.31	0.9658	7.19	1.0167	7.17	1.0195]
[50	60	0.6	0.5966	8.21	0.9659	7.95	1.0327	7.83	1.0485]
[50	60	0.65	0.6471	8.84	0.9876	8.82	1.0023	8.76	1.0091]
[50	60	0.7	0.6975	9.86	0.9939	9.79	1.0072	9.72	1.0144]
[50	60	0.75	0.7479	11.84	0.9941	11.39	1.0395	11.15	1.0619]
[50	60	0.8	0.7983	13.68	0.9978	12.88	1.0621	13.54	1.0103]
[50	60	0.85	0.8487	16.74	1.0	16.09	1.0404	16.15	1.0365]
[50	60	0.9	0.8992	20.8	1.0	19.99	1.0405	20.45	1.0171]
[50	60	0.95	0.9496	28.88	1.0	27.95	1.0333	28.43	1.0158]
[50	65	0.05	0.0426	3.07	0.9674	2.72	1.1287	2.92	1.0514]
[50	65	0.1	0.093	3.27	0.8777	3.16	1.0348	3.17	1.0315]
[50	65	0.15	0.1434	3.77	0.817	3.67	1.0272	3.74	1.008]
[50	65	0.2	0.1938	4.0	0.8475	3.97	1.0076	4.04	0.9901]
[50	65	0.25	0.2442	4.56	0.8531	4.37	1.0435	4.42	1.0317]
[50	65	0.3	0.2946	4.88	0.8811	4.71	1.0361	4.78	1.0209]
[50	65	0.35	0.345	5.25	0.9086	5.2	1.0096	5.15	1.0194]
[50	65	0.4	0.3953	5.64	0.9113	5.45	1.0349	5.73	0.9843]
[50	65	0.45	0.4457	6.14	0.9446	6.03	1.0182	5.94	1.0337]
[50	65	0.5	0.4961	6.54	0.9511	6.48	1.0093	6.81	0.9604]
[50	65	0.55	0.5465	7.41	0.9663	7.16	1.0349	7.19	1.0306]
[50	65	0.6	0.5969	7.77	0.973	7.99	0.9725	7.76	1.0013]
[50	65	0.65	0.6473	8.75	0.9909	8.64	1.0127	8.86	0.9876]
[50	65	0.7	0.6977	10.11	0.9951	9.85	1.0264	9.96	1.0151]
[50	65	0.75	0.7481	11.67	0.9966	11.18	1.0438	11.36	1.0273]
[50	65	0.8	0.7984	13.68	0.9993	12.97	1.0547	13.23	1.034]
[50	65	0.85	0.8488	16.08	1.0	15.98	1.0063	16.06	1.0012]
[50	65	0.9	0.8992	21.02	1.0	20.74	1.0135	20.37	1.0319]
[50	65	0.95	0.9496	28.62	1.0	27.9	1.0258	27.99	1.0225]
[50	70	0.05	0.0432	3.06	0.9477	2.82	1.0851	2.8	1.0929]
[50	70	0.1	0.0935	3.38	0.855	3.13	1.0799	3.19	1.0596]
[50	70	0.15	0.1439	3.78	0.836	3.6	1.05	3.72	1.0161]
[50	70	0.2	0.1942	4.19	0.8353	4.07	1.0295	4.02	1.0423]
[50	70	0.25	0.2446	4.44	0.8514	4.28	1.0374	4.43	1.0023]
[50	70	0.3	0.295	4.82	0.8714	4.85	0.9938	4.8	1.0042]
[50	70	0.35	0.3453	5.15	0.9049	5.07	1.0158	5.15	1.0]
[50	70	0.4	0.3957	5.7	0.9193	5.38	1.0595	5.63	1.0124]
[50	70	0.45	0.446	6.11	0.9247	5.96	1.0252	6.11	1.0]
[50	70	0.5	0.4964	6.58	0.9453	6.45	1.0202	6.75	0.9748]
[50	70	0.55	0.5468	7.34	0.9659	7.21	1.018	7.27	1.0096]
[50	70	0.6	0.5971	7.91	0.9772	7.76	1.0193	7.95	0.995]
[50	70	0.65	0.6475	8.9	0.9876	8.72	1.0206	8.87	1.0034]
[50	70	0.7	0.6978	10.21	0.9902	9.94	1.0272	9.99	1.022]
[50	70	0.75	0.7482	11.39	0.9947	11.13	1.0234	11.4	0.9991]
[50	70	0.8	0.7986	13.8	1.0	12.85	1.0739	13.24	1.0423]
[50	70	0.85	0.8489	16.15	1.0	15.95	1.0125	15.92	1.0144]
[50	70	0.9	0.8993	21.17	1.0	20.43	1.0362	20.5	1.0327]
[50	70	0.95	0.9496	28.64	1.0	28.13	1.0181	27.99	1.0232]
[50	75	0.05	0.0436	3.0	0.92	2.81	1.0676	2.87	1.0453]
[50	75	0.1	0.094	3.22	0.8602	3.11	1.0354	3.15	1.0222]
[50	75	0.15	0.1443	3.71	0.8302	3.63	1.022	3.84	0.9661]
[50	75	0.2	0.1946	4.13	0.8281	4.01	1.0299	3.99	1.0351]
[50	75	0.25	0.245	4.4	0.8773	4.42	0.9955	4.44	0.991]
[50	75	0.3	0.2953	4.78	0.8996	4.81	0.9938	4.86	0.9835]
[50	75	0.35	0.3456	5.26	0.8973	5.11	1.0294	5.16	1.0194]
[50	75	0.4	0.396	5.69	0.9174	5.42	1.0498	5.45	1.044]
[50	75	0.45	0.4463	6.19	0.9338	6.04	1.0248	6.11	1.0131]
[50	75	0.5	0.4966	6.81	0.9545	6.57	1.0365	6.7	1.0164]
[50	75	0.55	0.547	7.31	0.9672	7.21	1.0139	7.19	1.0167]
[50	75	0.6	0.5973	7.99	0.9775	7.86	1.0165	8.06	0.9913]
[50	75	0.65	0.6477	9.08	0.978	8.63	1.0521	9.0	1.0089]
[50	75	0.7	0.698	9.81	0.9898	9.91	0.9899	9.9	0.9909]
[50	75	0.75	0.7483	11.56	0.9983	11.08	1.0433	11.43	1.0114]
[50	75	0.8	0.7987	13.61	0.9985	13.07	1.0413	13.68	0.9949]
[50	75	0.85	0.849	16.44	1.0	15.74	1.0445	16.12	1.0199]
[50	75	0.9	0.8993	21.16	1.0	20.63	1.0257	20.48	1.0332]
[50	75	0.95	0.9497	28.48	1.0	28.19	1.0103	28.1	1.0135]
[50	80	0.05	0.044	3.04	0.9605	2.78	1.0935	2.93	1.0375]
[50	80	0.1	0.0943	3.26	0.8344	3.15	1.0349	3.25	1.0031]
[50	80	0.15	0.1447	3.79	0.81	3.64	1.0412	3.69	1.0271]
[50	80	0.2	0.195	4.03	0.8387	4.04	0.9975	4.06	0.9926]
[50	80	0.25	0.2453	4.4	0.8568	4.29	1.0256	4.33	1.0162]
[50	80	0.3	0.2956	4.83	0.8758	4.87	0.9918	4.9	0.9857]
[50	80	0.35	0.3459	5.07	0.9034	5.14	0.9864	5.03	1.008]
[50	80	0.4	0.3962	5.65	0.9274	5.59	1.0107	5.64	1.0018]
[50	80	0.45	0.4465	6.06	0.9422	6.15	0.9854	6.06	1.0]
[50	80	0.5	0.4969	6.68	0.9566	6.81	0.9809	6.57	1.0167]
[50	80	0.55	0.5472	7.26	0.9628	7.23	1.0041	7.33	0.9905]
[50	80	0.6	0.5975	8.06	0.9826	7.92	1.0177	7.77	1.0373]
[50	80	0.65	0.6478	9.08	0.9879	8.65	1.0497	8.95	1.0145]
[50	80	0.7	0.6981	10.2	0.9912	9.87	1.0334	9.99	1.021]
[50	80	0.75	0.7484	11.44	0.9939	11.08	1.0325	11.5	0.9948]
[50	80	0.8	0.7987	13.6	0.9985	13.2	1.0303	13.15	1.0342]
[50	80	0.85	0.8491	16.77	1.0	16.04	1.0455	16.03	1.0462]
[50	80	0.9	0.8994	20.91	1.0	20.45	1.0225	20.42	1.024]
[50	80	0.95	0.9497	28.18	1.0	28.21	0.9989	28.38	0.993]
[50	85	0.05	0.0444	3.02	0.9172	2.85	1.0596	2.9	1.0414]
[50	85	0.1	0.0947	3.23	0.8266	3.14	1.0287	3.12	1.0353]
[50	85	0.15	0.145	3.82	0.8037	3.71	1.0296	3.76	1.016]
[50	85	0.2	0.1953	4.05	0.8444	4.07	0.9951	3.99	1.015]
[50	85	0.25	0.2456	4.39	0.8679	4.4	0.9977	4.39	1.0]
[50	85	0.3	0.2959	4.95	0.8606	4.71	1.051	4.71	1.051]
[50	85	0.35	0.3462	5.27	0.8994	5.15	1.0233	5.15	1.0233]
[50	85	0.4	0.3964	5.79	0.9257	5.57	1.0395	5.63	1.0284]
[50	85	0.45	0.4467	6.19	0.9354	6.01	1.03	6.11	1.0131]
[50	85	0.5	0.497	6.63	0.9653	6.44	1.0295	6.74	0.9837]
[50	85	0.55	0.5473	7.34	0.9523	7.14	1.028	7.28	1.0082]
[50	85	0.6	0.5976	7.99	0.9837	7.76	1.0296	8.08	0.9889]
[50	85	0.65	0.6479	8.92	0.9899	8.8	1.0136	8.74	1.0206]
[50	85	0.7	0.6982	10.0	0.993	9.8	1.0204	9.83	1.0173]
[50	85	0.75	0.7485	11.63	0.9983	11.12	1.0459	11.45	1.0157]
[50	85	0.8	0.7988	13.45	0.9993	13.08	1.0283	13.42	1.0022]
[50	85	0.85	0.8491	16.28	1.0	16.23	1.0031	16.1	1.0112]
[50	85	0.9	0.8994	21.25	1.0	20.48	1.0376	20.65	1.0291]
[50	85	0.95	0.9497	28.21	1.0	27.7	1.0184	28.0	1.0075]
[50	90	0.05	0.0447	2.99	0.903	2.85	1.0491	2.91	1.0275]
[50	90	0.1	0.095	3.3	0.8485	3.19	1.0345	3.2	1.0312]
[50	90	0.15	0.1453	3.75	0.8507	3.68	1.019	3.75	1.0]
[50	90	0.2	0.1955	4.06	0.8399	3.95	1.0278	4.07	0.9975]
[50	90	0.25	0.2458	4.5	0.86	4.39	1.0251	4.34	1.0369]
[50	90	0.3	0.2961	4.9	0.8755	4.74	1.0338	4.79	1.023]
[50	90	0.35	0.3464	5.22	0.9138	5.08	1.0276	5.18	1.0077]
[50	90	0.4	0.3966	5.63	0.9236	5.34	1.0543	5.59	1.0072]
[50	90	0.45	0.4469	6.21	0.9452	5.97	1.0402	6.07	1.0231]
[50	90	0.5	0.4972	6.79	0.9499	6.46	1.0511	6.62	1.0257]
[50	90	0.55	0.5475	7.34	0.9768	7.18	1.0223	7.26	1.011]
[50	90	0.6	0.5978	8.09	0.9864	7.88	1.0266	7.92	1.0215]
[50	90	0.65	0.648	9.08	0.9868	8.66	1.0485	8.75	1.0377]
[50	90	0.7	0.6983	10.02	0.994	9.67	1.0362	9.83	1.0193]
[50	90	0.75	0.7486	11.27	0.9982	11.1	1.0153	11.4	0.9886]
[50	90	0.8	0.7989	13.47	1.0	13.04	1.033	13.18	1.022]
[50	90	0.85	0.8492	16.18	1.0	16.12	1.0037	16.28	0.9939]
[50	90	0.9	0.8994	20.83	1.0	20.55	1.0136	20.46	1.0181]
[50	90	0.95	0.9497	28.25	1.0	27.92	1.0118	27.87	1.0136]
[50	95	0.05	0.045	2.97	0.9293	2.81	1.0569	2.82	1.0532]
[50	95	0.1	0.0952	3.28	0.8384	3.09	1.0615	3.15	1.0413]
[50	95	0.15	0.1455	3.76	0.8271	3.66	1.0273	3.71	1.0135]
[50	95	0.2	0.1958	4.02	0.8657	4.02	1.0	4.09	0.9829]
[50	95	0.25	0.246	4.52	0.8673	4.39	1.0296	4.42	1.0226]
[50	95	0.3	0.2963	4.86	0.8909	4.74	1.0253	4.81	1.0104]
[50	95	0.35	0.3466	5.32	0.8966	5.12	1.0391	5.23	1.0172]
[50	95	0.4	0.3968	5.72	0.9178	5.61	1.0196	5.6	1.0214]
[50	95	0.45	0.4471	6.04	0.9321	5.96	1.0134	6.02	1.0033]
[50	95	0.5	0.4974	6.67	0.955	6.58	1.0137	6.58	1.0137]
[50	95	0.55	0.5476	7.25	0.9779	7.28	0.9959	7.22	1.0042]
[50	95	0.6	0.5979	8.16	0.9841	7.76	1.0515	8.05	1.0137]
[50	95	0.65	0.6481	8.94	0.9911	8.67	1.0311	8.81	1.0148]
[50	95	0.7	0.6984	10.07	0.995	9.87	1.0203	9.82	1.0255]
[50	95	0.75	0.7487	11.57	0.9991	11.06	1.0461	11.13	1.0395]
[50	95	0.8	0.7989	13.54	1.0	12.9	1.0496	13.23	1.0234]
[50	95	0.85	0.8492	16.59	1.0	16.06	1.033	15.78	1.0513]
[50	95	0.9	0.8995	20.86	1.0	20.25	1.0301	20.23	1.0311]
[50	95	0.95	0.9497	28.5	1.0	28.04	1.0164	28.23	1.0096]
[50	100	0.05	0.0452	2.95	0.9186	2.81	1.0498	2.9	1.0172]
[50	100	0.1	0.0955	3.28	0.8171	3.08	1.0649	3.23	1.0155]
[50	100	0.15	0.1457	3.69	0.8238	3.86	0.956	3.75	0.984]
[50	100	0.2	0.196	4.09	0.824	4.01	1.02	3.99	1.0251]
[50	100	0.25	0.2462	4.42	0.8846	4.39	1.0068	4.34	1.0184]
[50	100	0.3	0.2965	4.77	0.8637	4.69	1.0171	4.79	0.9958]
[50	100	0.35	0.3467	5.13	0.9064	5.21	0.9846	5.24	0.979]
[50	100	0.4	0.397	5.62	0.9199	5.51	1.02	5.52	1.0181]
[50	100	0.45	0.4472	6.15	0.9317	5.99	1.0267	5.99	1.0267]
[50	100	0.5	0.4975	6.62	0.9562	6.68	0.991	6.52	1.0153]
[50	100	0.55	0.5477	7.28	0.9821	7.16	1.0168	6.92	1.052]
[50	100	0.6	0.598	8.08	0.9752	7.97	1.0138	7.78	1.0386]
[50	100	0.65	0.6482	8.82	0.9955	8.56	1.0304	8.91	0.9899]
[50	100	0.7	0.6985	9.95	0.996	9.97	0.998	9.72	1.0237]
[50	100	0.75	0.7487	11.26	0.9973	11.28	0.9982	11.19	1.0063]
[50	100	0.8	0.799	13.6	0.9993	13.05	1.0421	13.02	1.0445]
[50	100	0.85	0.8492	16.22	1.0	16.13	1.0056	15.69	1.0338]
[50	100	0.9	0.8995	20.61	1.0	20.45	1.0078	20.3	1.0153]
[50	100	0.95	0.9497	28.15	1.0	27.76	1.014	28.42	0.9905]
成功构建 (总时间: 122 分钟 34 秒)
