run:
[50	2	1	27.95	1.0	6.65	4.203007518796992]
[50	3	1	20.24	1.0	5.07	3.9921104536489147]
[50	3	2	20.37	1.0	9.14	2.228665207877462]
[50	4	1	16.19	1.0	4.36	3.713302752293578]
[50	4	2	11.78	0.9966	6.6	1.784848484848485]
[50	4	3	14.11	0.9823	11.4	1.237719298245614]
[50	5	1	13.92	1.0	4.05	3.437037037037037]
[50	5	2	8.05	0.9925	5.51	1.4609800362976408]
[50	5	3	8.83	0.9592	7.79	1.1335044929396663]
[50	5	4	13.54	0.9778	13.19	1.026535253980288]
[50	6	1	12.03	1.0	3.84	3.1328125]
[50	6	2	7.0	0.98	5.04	1.3888888888888888]
[50	6	3	7.21	0.9376	6.51	1.1075268817204302]
[50	6	4	9.57	0.9404	9.36	1.0224358974358976]
[50	6	5	15.12	0.9762	14.81	1.0209318028359216]
[50	7	1	10.79	1.0	3.58	3.013966480446927]
[50	7	2	6.08	0.9934	4.63	1.3131749460043196]
[50	7	3	6.53	0.9311	5.82	1.1219931271477663]
[50	7	4	7.94	0.9408	7.7	1.0311688311688312]
[50	7	5	10.61	0.9538	10.28	1.0321011673151752]
[50	7	6	16.44	0.9848	16.55	0.9933534743202417]
[50	8	1	10.05	1.0	3.46	2.9046242774566475]
[50	8	2	5.95	0.9765	4.46	1.3340807174887892]
[50	8	3	6.09	0.9442	5.38	1.1319702602230484]
[50	8	4	7.0	0.93	6.63	1.0558069381598794]
[50	8	5	8.54	0.9356	8.35	1.022754491017964]
[50	8	6	11.31	0.9629	11.37	0.9947229551451189]
[50	8	7	18.32	0.9836	18.06	1.0143964562569214]
[50	9	1	9.33	1.0	3.33	2.8018018018018016]
[50	9	2	5.58	0.9857	4.1	1.3609756097560977]
[50	9	3	5.63	0.9378	5.02	1.1215139442231077]
[50	9	4	6.37	0.9262	6.03	1.056384742951907]
[50	9	5	7.57	0.9168	7.21	1.0499306518723994]
[50	9	6	9.36	0.9423	9.25	1.0118918918918918]
[50	9	7	12.48	0.9583	12.38	1.0080775444264942]
[50	9	8	19.31	0.9902	19.17	1.0073030777256127]
[50	10	1	8.95	1.0	3.16	2.832278481012658]
[50	10	2	5.35	0.9925	3.99	1.3408521303258143]
[50	10	3	5.43	0.954	4.81	1.128898128898129]
[50	10	4	5.86	0.901	5.65	1.0371681415929204]
[50	10	5	6.88	0.9113	6.67	1.0314842578710646]
[50	10	6	8.02	0.9277	8.0	1.0025]
[50	10	7	9.91	0.9485	9.8	1.0112244897959184]
[50	10	8	13.33	0.973	13.07	1.0198928844682478]
[50	10	9	20.47	0.9956	20.38	1.0044160942100098]
[50	11	1	8.19	1.0	3.11	2.6334405144694535]
[50	11	2	5.32	0.9887	3.95	1.3468354430379748]
[50	11	3	5.19	0.9345	4.58	1.1331877729257642]
[50	11	4	5.64	0.9007	5.27	1.0702087286527515]
[50	11	5	6.21	0.9227	6.07	1.0230642504118617]
[50	11	6	7.05	0.9149	7.13	0.9887798036465638]
[50	11	7	8.43	0.9395	8.42	1.001187648456057]
[50	11	8	10.48	0.9609	10.81	0.969472710453284]
[50	11	9	13.93	0.9777	13.97	0.9971367215461703]
[50	11	10	21.29	0.9972	21.57	0.9870190078813166]
[50	12	1	7.72	1.0	3.07	2.5146579804560263]
[50	12	2	5.0	0.988	3.86	1.2953367875647668]
[50	12	3	5.1	0.9588	4.45	1.146067415730337]
[50	12	4	5.39	0.9165	5.02	1.0737051792828685]
[50	12	5	6.07	0.8896	5.62	1.0800711743772242]
[50	12	6	6.82	0.9018	6.49	1.0508474576271187]
[50	12	7	7.88	0.9327	7.66	1.0287206266318538]
[50	12	8	9.0	0.9444	9.1	0.989010989010989]
[50	12	9	11.48	0.9634	11.41	1.0061349693251533]
[50	12	10	15.04	0.9847	15.21	0.9888231426692964]
[50	12	11	22.78	0.9987	22.68	1.0044091710758378]
[50	13	1	7.57	1.0	3.06	2.473856209150327]
[50	13	2	4.85	0.9959	3.76	1.2898936170212765]
[50	13	3	4.88	0.9488	4.3	1.1348837209302325]
[50	13	4	5.14	0.893	4.84	1.06198347107438]
[50	13	5	5.63	0.8988	5.45	1.0330275229357797]
[50	13	6	6.36	0.8994	6.11	1.0409165302782324]
[50	13	7	7.16	0.9134	7.2	0.9944444444444445]
[50	13	8	8.16	0.9363	8.38	0.9737470167064438]
[50	13	9	9.62	0.9428	9.78	0.983640081799591]
[50	13	10	12.2	0.9721	11.7	1.0427350427350428]
[50	13	11	15.99	0.9887	16.06	0.9956413449564135]
[50	13	12	23.63	0.9945	23.41	1.0093976932934643]
[50	14	1	7.08	1.0	3.03	2.336633663366337]
[50	14	2	4.87	0.9856	3.7	1.316216216216216]
[50	14	3	4.83	0.94	4.03	1.1985111662531016]
[50	14	4	4.98	0.9217	4.66	1.0686695278969958]
[50	14	5	5.25	0.8686	5.17	1.0154738878143135]
[50	14	6	5.96	0.9027	5.94	1.0033670033670032]
[50	14	7	6.57	0.8919	6.5	1.0107692307692309]
[50	14	8	7.4	0.923	7.54	0.9814323607427056]
[50	14	9	8.77	0.9453	8.54	1.0269320843091336]
[50	14	10	10.16	0.9587	10.33	0.9835430784123911]
[50	14	11	12.82	0.9758	12.85	0.9976653696498055]
[50	14	12	16.72	0.9904	16.56	1.0096618357487923]
[50	14	13	24.25	0.9992	24.15	1.0041407867494825]
[50	15	1	6.56	1.0	2.98	2.2013422818791946]
[50	15	2	4.69	0.9979	3.53	1.3286118980169974]
[50	15	3	4.54	0.9493	4.03	1.1265508684863523]
[50	15	4	4.87	0.9158	4.61	1.056399132321041]
[50	15	5	5.22	0.8812	5.06	1.0316205533596838]
[50	15	6	5.77	0.8908	5.64	1.0230496453900708]
[50	15	7	6.28	0.8933	6.18	1.016181229773463]
[50	15	8	7.13	0.9032	6.97	1.0229555236728838]
[50	15	9	7.97	0.9134	8.0	0.99625]
[50	15	10	9.24	0.9502	9.27	0.9967637540453075]
[50	15	11	10.68	0.9719	10.79	0.9898053753475441]
[50	15	12	13.19	0.9795	13.36	0.9872754491017964]
[50	15	13	17.43	0.9937	16.92	1.030141843971631]
[50	15	14	25.32	0.9996	24.77	1.022204279370206]
[50	16	1	6.58	1.0	2.99	2.20066889632107]
[50	16	2	4.61	0.9957	3.41	1.3519061583577714]
[50	16	3	4.47	0.953	3.94	1.134517766497462]
[50	16	4	4.68	0.9252	4.44	1.054054054054054]
[50	16	5	5.07	0.8679	4.81	1.0540540540540542]
[50	16	6	5.51	0.8893	5.34	1.0318352059925093]
[50	16	7	6.01	0.8852	5.99	1.003338898163606]
[50	16	8	6.63	0.9231	6.56	1.0106707317073171]
[50	16	9	7.44	0.922	7.43	1.0013458950201886]
[50	16	10	8.27	0.942	8.16	1.0134803921568627]
[50	16	11	9.73	0.9517	9.34	1.0417558886509637]
[50	16	12	11.31	0.9708	11.35	0.9964757709251102]
[50	16	13	13.94	0.9849	13.67	1.0197512801755668]
[50	16	14	17.99	0.9933	17.86	1.0072788353863382]
[50	16	15	25.69	0.9996	25.36	1.01301261829653]
[50	17	1	6.48	1.0	2.98	2.174496644295302]
[50	17	2	4.44	0.991	3.35	1.3253731343283583]
[50	17	3	4.41	0.9478	3.89	1.1336760925449871]
[50	17	4	4.63	0.9136	4.19	1.1050119331742243]
[50	17	5	4.87	0.8768	4.86	1.0020576131687242]
[50	17	6	5.35	0.8654	5.16	1.0368217054263564]
[50	17	7	5.8	0.8828	5.84	0.9931506849315068]
[50	17	8	6.45	0.907	6.25	1.032]
[50	17	9	6.94	0.9078	6.85	1.013138686131387]
[50	17	10	7.9	0.9304	7.72	1.0233160621761659]
[50	17	11	8.79	0.9511	8.73	1.0068728522336767]
[50	17	12	10.03	0.9631	10.06	0.9970178926441351]
[50	17	13	11.67	0.9726	11.64	1.0025773195876289]
[50	17	14	14.2	0.9852	14.2	1.0]
[50	17	15	18.85	0.9942	18.73	1.00640683395622]
[50	17	16	26.36	0.9996	25.97	1.0150173276857912]
[50	18	1	6.05	1.0	2.94	2.057823129251701]
[50	18	2	4.43	0.9819	3.27	1.3547400611620795]
[50	18	3	4.38	0.9361	3.87	1.1317829457364341]
[50	18	4	4.44	0.9099	4.13	1.0750605326876514]
[50	18	5	4.84	0.8946	4.57	1.0590809628008753]
[50	18	6	5.08	0.8681	5.09	0.9980353634577603]
[50	18	7	5.66	0.8728	5.41	1.0462107208872458]
[50	18	8	5.96	0.9111	6.06	0.9834983498349835]
[50	18	9	6.67	0.8861	6.5	1.0261538461538462]
[50	18	10	7.3	0.9082	7.3	1.0]
[50	18	11	8.16	0.94	8.05	1.0136645962732918]
[50	18	12	9.32	0.9485	9.03	1.0321151716500554]
[50	18	13	10.42	0.9597	10.55	0.9876777251184833]
[50	18	14	12.4	0.975	12.44	0.9967845659163987]
[50	18	15	15.08	0.9874	15.01	1.0046635576282479]
[50	18	16	19.25	0.9979	19.4	0.9922680412371134]
[50	18	17	27.01	1.0	26.57	1.0165600301091458]
[50	19	1	5.99	1.0	2.97	2.016835016835017]
[50	19	2	4.34	0.9931	3.28	1.3231707317073171]
[50	19	3	4.29	0.9557	3.72	1.1532258064516128]
[50	19	4	4.42	0.9208	4.13	1.0702179176755449]
[50	19	5	4.72	0.8729	4.55	1.0373626373626375]
[50	19	6	5.09	0.8743	5.03	1.0119284294234592]
[50	19	7	5.34	0.8708	5.27	1.013282732447818]
[50	19	8	5.92	0.8733	5.83	1.0154373927958833]
[50	19	9	6.37	0.8901	6.35	1.0031496062992127]
[50	19	10	6.93	0.9336	6.97	0.994261119081779]
[50	19	11	7.72	0.9404	7.8	0.9897435897435898]
[50	19	12	8.49	0.9446	8.48	1.0011792452830188]
[50	19	13	9.5	0.9589	9.38	1.0127931769722813]
[50	19	14	10.5	0.9686	10.99	0.9554140127388535]
[50	19	15	12.68	0.9811	12.63	1.0039588281868566]
[50	19	16	15.86	0.9887	15.63	1.0147152911068458]
[50	19	17	19.5	0.9974	19.87	0.9813789632611978]
[50	19	18	27.69	1.0	27.32	1.0135431918008786]
[50	20	1	5.85	1.0	2.88	2.03125]
[50	20	2	4.31	0.9954	3.21	1.3426791277258565]
[50	20	3	4.22	0.9573	3.76	1.122340425531915]
[50	20	4	4.35	0.9057	4.04	1.0767326732673266]
[50	20	5	4.64	0.8728	4.44	1.0450450450450448]
[50	20	6	4.86	0.8909	4.81	1.0103950103950106]
[50	20	7	5.23	0.87	5.17	1.011605415860735]
[50	20	8	5.59	0.8712	5.56	1.0053956834532374]
[50	20	9	6.0	0.9017	6.0	1.0]
[50	20	10	6.55	0.8992	6.7	0.9776119402985074]
[50	20	11	7.18	0.9262	7.12	1.0084269662921348]
[50	20	12	7.92	0.9394	8.02	0.9875311720698254]
[50	20	13	8.85	0.9345	8.6	1.0290697674418605]
[50	20	14	9.98	0.9619	9.93	1.0050352467270898]
[50	20	15	11.21	0.975	11.3	0.9920353982300885]
[50	20	16	13.28	0.9812	13.03	1.0191864927091328]
[50	20	17	15.74	0.9924	16.41	0.9591712370505789]
[50	20	18	20.46	0.998	20.56	0.9951361867704281]
[50	20	19	27.84	1.0	28.06	0.99215965787598]
[50	25	1	5.24	1.0	2.69	1.9479553903345725]
[50	25	2	4.18	1.0	3.08	1.357142857142857]
[50	25	3	3.99	0.9674	3.41	1.1700879765395895]
[50	25	4	4.1	0.8854	3.88	1.056701030927835]
[50	25	5	4.3	0.8744	4.08	1.053921568627451]
[50	25	6	4.34	0.8502	4.38	0.9908675799086758]
[50	25	7	4.74	0.865	4.7	1.0085106382978724]
[50	25	8	4.97	0.8974	4.91	1.0122199592668024]
[50	25	9	5.32	0.844	5.23	1.0172084130019121]
[50	25	10	5.67	0.8783	5.61	1.0106951871657752]
[50	25	11	6.06	0.8894	5.84	1.0376712328767124]
[50	25	12	6.4	0.8875	6.24	1.0256410256410258]
[50	25	13	6.94	0.9107	6.93	1.0014430014430016]
[50	25	14	7.26	0.9394	7.45	0.9744966442953019]
[50	25	15	8.12	0.9323	7.9	1.0278481012658227]
[50	25	16	8.62	0.9455	8.74	0.9862700228832951]
[50	25	17	9.55	0.9571	9.24	1.0335497835497836]
[50	25	18	10.52	0.9648	10.35	1.0164251207729469]
[50	25	19	11.63	0.9708	11.47	1.013949433304272]
[50	25	20	13.24	0.9932	13.17	1.0053151100987092]
[50	25	21	15.14	0.9967	14.98	1.0106809078771695]
[50	25	22	18.49	0.9995	18.19	1.016492578339747]
[50	25	23	23.05	0.9996	23.04	1.000434027777778]
[50	25	24	30.24	1.0	30.23	1.0003307972213034]
[50	30	1	4.73	1.0	2.5	1.8920000000000001]
[50	30	2	3.82	0.9974	3.02	1.2649006622516556]
[50	30	3	3.73	0.9678	3.2	1.165625]
[50	30	4	3.89	0.9409	3.56	1.0926966292134832]
[50	30	5	4.08	0.8799	3.85	1.0597402597402596]
[50	30	6	4.2	0.8571	4.04	1.0396039603960396]
[50	30	7	4.38	0.847	4.36	1.0045871559633026]
[50	30	8	4.56	0.8465	4.53	1.0066225165562912]
[50	30	9	4.78	0.8766	4.75	1.0063157894736843]
[50	30	10	4.99	0.8617	4.99	1.0]
[50	30	11	5.37	0.8752	5.25	1.022857142857143]
[50	30	12	5.54	0.9025	5.59	0.9910554561717353]
[50	30	13	5.84	0.9075	5.95	0.9815126050420168]
[50	30	14	6.3	0.8952	6.18	1.0194174757281553]
[50	30	15	6.51	0.9247	6.63	0.9819004524886877]
[50	30	16	7.19	0.936	6.98	1.0300859598853869]
[50	30	17	7.48	0.9439	7.44	1.0053763440860215]
[50	30	18	7.84	0.9439	8.15	0.961963190184049]
[50	30	19	8.45	0.9574	8.49	0.995288574793875]
[50	30	20	9.23	0.9697	9.12	1.012061403508772]
[50	30	21	9.51	0.9737	9.9	0.9606060606060606]
[50	30	22	10.86	0.9807	10.74	1.0111731843575418]
[50	30	23	11.75	0.9872	12.28	0.9568403908794789]
[50	30	24	13.14	0.9878	12.98	1.012326656394453]
[50	30	25	15.44	0.9922	14.91	1.0355466130114017]
[50	30	26	17.45	0.9983	17.44	1.0005733944954127]
[50	30	27	20.2	1.0	20.38	0.9911678115799804]
[50	30	28	25.39	1.0	25.18	1.0083399523431296]
[50	30	29	31.63	1.0	32.12	0.9847447073474471]
[50	35	1	4.38	1.0	2.35	1.8638297872340424]
[50	35	2	3.71	1.0	2.97	1.2491582491582491]
[50	35	3	3.63	0.9725	3.08	1.1785714285714286]
[50	35	4	3.72	0.9086	3.36	1.1071428571428572]
[50	35	5	3.89	0.8972	3.71	1.0485175202156334]
[50	35	6	3.93	0.8448	3.87	1.0155038759689923]
[50	35	7	4.19	0.8329	4.08	1.0269607843137256]
[50	35	8	4.31	0.877	4.19	1.0286396181384245]
[50	35	9	4.56	0.8224	4.42	1.0316742081447963]
[50	35	10	4.75	0.8505	4.74	1.00210970464135]
[50	35	11	5.0	0.854	4.85	1.0309278350515465]
[50	35	12	5.2	0.8558	5.26	0.9885931558935362]
[50	35	13	5.48	0.8759	5.3	1.0339622641509436]
[50	35	14	5.56	0.8795	5.66	0.9823321554770317]
[50	35	15	5.89	0.8964	5.91	0.9966159052453468]
[50	35	16	6.16	0.8912	6.13	1.0048939641109298]
[50	35	17	6.5	0.9246	6.48	1.0030864197530864]
[50	35	18	6.65	0.9293	6.73	0.9881129271916791]
[50	35	19	7.19	0.9235	7.11	1.0112517580872011]
[50	35	20	7.5	0.9453	7.39	1.0148849797023005]
[50	35	21	7.73	0.956	7.9	0.9784810126582278]
[50	35	22	8.41	0.9643	8.24	1.020631067961165]
[50	35	23	8.75	0.9646	8.84	0.9898190045248869]
[50	35	24	9.74	0.9682	9.77	0.9969293756397135]
[50	35	25	10.32	0.9855	10.16	1.015748031496063]
[50	35	26	11.15	0.9848	10.84	1.02859778597786]
[50	35	27	12.01	0.9892	11.94	1.0058626465661642]
[50	35	28	13.12	0.9886	13.07	1.0038255547054322]
[50	35	29	14.41	0.9958	14.79	0.9743069641649764]
[50	35	30	16.46	0.9976	16.95	0.9710914454277287]
[50	35	31	18.57	1.0	19.1	0.9722513089005235]
[50	35	32	22.24	1.0	22.18	1.0027051397655544]
[50	35	33	26.63	1.0	26.7	0.9973782771535581]
[50	35	34	33.48	1.0	33.29	1.0057074196455391]
[50	40	1	4.24	1.0	2.24	1.8928571428571428]
[50	40	2	3.52	0.9943	2.88	1.2222222222222223]
[50	40	3	3.56	0.9831	3.01	1.1827242524916945]
[50	40	4	3.49	0.9169	3.15	1.107936507936508]
[50	40	5	3.72	0.8737	3.52	1.0568181818181819]
[50	40	6	3.89	0.856	3.79	1.0263852242744063]
[50	40	7	3.95	0.8506	3.9	1.012820512820513]
[50	40	8	4.04	0.8317	4.02	1.0049751243781095]
[50	40	9	4.31	0.8353	4.1	1.051219512195122]
[50	40	10	4.43	0.8758	4.37	1.0137299771167048]
[50	40	11	4.69	0.8294	4.68	1.0021367521367524]
[50	40	12	4.83	0.8654	4.71	1.0254777070063694]
[50	40	13	5.01	0.8503	4.92	1.0182926829268293]
[50	40	14	5.26	0.8726	5.14	1.0233463035019454]
[50	40	15	5.43	0.8895	5.4	1.0055555555555555]
[50	40	16	5.63	0.8899	5.5	1.0236363636363637]
[50	40	17	5.72	0.9283	5.88	0.9727891156462585]
[50	40	18	5.92	0.9122	6.04	0.9801324503311258]
[50	40	19	6.42	0.9128	6.31	1.01743264659271]
[50	40	20	6.56	0.9299	6.56	1.0]
[50	40	21	7.09	0.9323	6.95	1.0201438848920863]
[50	40	22	7.34	0.9387	7.31	1.0041039671682628]
[50	40	23	7.78	0.9434	7.4	1.0513513513513513]
[50	40	24	7.9	0.9519	8.05	0.9813664596273292]
[50	40	25	8.42	0.9561	8.29	1.0156815440289506]
[50	40	26	8.83	0.9638	8.82	1.0011337868480725]
[50	40	27	9.06	0.9702	9.18	0.9869281045751634]
[50	40	28	9.94	0.9869	9.9	1.0040404040404038]
[50	40	29	10.46	0.9828	10.5	0.9961904761904763]
[50	40	30	11.3	0.9832	11.38	0.992970123022847]
[50	40	31	12.07	0.9909	12.11	0.9966969446738233]
[50	40	32	13.55	0.9911	13.15	1.0304182509505704]
[50	40	33	14.22	0.9979	14.71	0.9666893269884432]
[50	40	34	16.31	0.9969	16.04	1.0168329177057356]
[50	40	35	17.93	0.9983	17.72	1.0118510158013545]
[50	40	36	20.3	1.0	20.61	0.9849587578845221]
[50	40	37	23.58	1.0	23.8	0.9907563025210083]
[50	40	38	28.37	1.0	28.11	1.009249377445749]
[50	40	39	34.65	1.0	34.37	1.0081466395112018]
[50	45	1	4.04	1.0	2.2	1.8363636363636362]
[50	45	2	3.38	0.9941	2.8	1.207142857142857]
[50	45	3	3.35	0.9701	3.01	1.1129568106312293]
[50	45	4	3.44	0.9331	3.12	1.1025641025641024]
[50	45	5	3.49	0.8883	3.3	1.0575757575757576]
[50	45	6	3.67	0.8692	3.57	1.0280112044817928]
[50	45	7	3.88	0.8454	3.71	1.045822102425876]
[50	45	8	4.03	0.8486	3.96	1.0176767676767677]
[50	45	9	4.06	0.8547	4.07	0.9975429975429974]
[50	45	10	4.28	0.8411	4.15	1.0313253012048194]
[50	45	11	4.4	0.85	4.31	1.0208816705336428]
[50	45	12	4.51	0.8271	4.54	0.9933920704845814]
[50	45	13	4.81	0.8337	4.67	1.0299785867237687]
[50	45	14	5.03	0.8608	4.93	1.0202839756592292]
[50	45	15	5.01	0.8643	5.1	0.9823529411764707]
[50	45	16	5.22	0.8908	5.21	1.0019193857965452]
[50	45	17	5.32	0.8665	5.41	0.9833641404805915]
[50	45	18	5.74	0.8868	5.62	1.0213523131672597]
[50	45	19	5.82	0.8814	5.9	0.9864406779661017]
[50	45	20	6.02	0.9053	6.03	0.9983416252072967]
[50	45	21	6.14	0.9039	6.24	0.9839743589743589]
[50	45	22	6.54	0.9174	6.59	0.992412746585736]
[50	45	23	6.84	0.9313	6.8	1.0058823529411764]
[50	45	24	6.92	0.9451	7.05	0.9815602836879432]
[50	45	25	7.27	0.9505	7.37	0.9864314789687924]
[50	45	26	7.48	0.9398	7.66	0.9765013054830287]
[50	45	27	8.02	0.9551	7.97	1.0062735257214555]
[50	45	28	8.22	0.9659	8.19	1.0036630036630039]
[50	45	29	8.48	0.967	8.75	0.9691428571428572]
[50	45	30	9.11	0.9813	9.16	0.9945414847161571]
[50	45	31	9.57	0.9749	9.51	1.0063091482649842]
[50	45	32	10.35	0.9845	10.17	1.0176991150442478]
[50	45	33	10.75	0.9888	10.75	1.0]
[50	45	34	11.28	0.9902	11.45	0.9851528384279477]
[50	45	35	11.94	0.9975	12.23	0.9762878168438266]
[50	45	36	13.26	0.997	13.1	1.0122137404580154]
[50	45	37	14.41	0.9958	14.1	1.021985815602837]
[50	45	38	15.44	1.0	15.79	0.9778340721975934]
[50	45	39	17.29	0.9988	17.43	0.9919678714859438]
[50	45	40	19.17	1.0	19.65	0.9755725190839696]
[50	45	41	21.82	1.0	21.78	1.0018365472910926]
[50	45	42	25.02	1.0	25.1	0.996812749003984]
[50	45	43	29.23	1.0	29.0	1.0079310344827586]
[50	45	44	35.75	1.0	35.48	1.0076099210823]
[50	50	1	3.7	1.0	2.13	1.7370892018779345]
[50	50	2	3.34	0.997	2.67	1.250936329588015]
[50	50	3	3.25	0.9692	3.0	1.0833333333333333]
[50	50	4	3.28	0.9238	3.05	1.0754098360655737]
[50	50	5	3.47	0.9135	3.17	1.0946372239747635]
[50	50	6	3.57	0.8431	3.37	1.059347181008902]
[50	50	7	3.75	0.8453	3.63	1.0330578512396695]
[50	50	8	3.91	0.8414	3.82	1.0235602094240839]
[50	50	9	4.05	0.8469	3.96	1.0227272727272727]
[50	50	10	4.11	0.8224	3.93	1.0458015267175573]
[50	50	11	4.12	0.8398	4.19	0.9832935560859188]
[50	50	12	4.37	0.8375	4.31	1.0139211136890953]
[50	50	13	4.43	0.8578	4.5	0.9844444444444443]
[50	50	14	4.68	0.8397	4.67	1.0021413276231264]
[50	50	15	4.91	0.8371	4.83	1.0165631469979297]
[50	50	16	4.9	0.8592	4.88	1.0040983606557379]
[50	50	17	5.25	0.8724	5.21	1.0076775431861804]
[50	50	18	5.3	0.8736	5.3	1.0]
[50	50	19	5.44	0.8842	5.37	1.0130353817504656]
[50	50	20	5.58	0.8907	5.64	0.9893617021276596]
[50	50	21	5.67	0.9065	5.8	0.9775862068965517]
[50	50	22	5.95	0.9109	5.86	1.015358361774744]
[50	50	23	6.16	0.9188	6.15	1.0016260162601627]
[50	50	24	6.34	0.9117	6.37	0.9952904238618524]
[50	50	25	6.75	0.9407	6.58	1.0258358662613982]
[50	50	26	6.74	0.9421	6.89	0.9782293178519594]
[50	50	27	7.01	0.9643	7.07	0.9915134370579914]
[50	50	28	7.21	0.9445	7.32	0.9849726775956283]
[50	50	29	7.62	0.9436	7.39	1.0311231393775373]
[50	50	30	7.83	0.9693	7.99	0.9799749687108886]
[50	50	31	8.24	0.9721	8.24	1.0]
[50	50	32	8.78	0.9681	8.8	0.9977272727272726]
[50	50	33	8.96	0.9721	9.22	0.9718004338394794]
[50	50	34	9.39	0.9776	9.51	0.9873817034700316]
[50	50	35	9.8	0.9827	9.65	1.0155440414507773]
[50	50	36	10.29	0.9903	10.43	0.9865771812080536]
[50	50	37	11.09	0.9901	11.16	0.9937275985663082]
[50	50	38	11.75	0.9881	11.51	1.0208514335360557]
[50	50	39	12.18	0.9943	12.16	1.0016447368421053]
[50	50	40	13.12	0.9939	13.31	0.9857250187828699]
[50	50	41	14.17	0.9986	14.03	1.0099786172487528]
[50	50	42	15.46	0.9987	15.29	1.011118378024853]
[50	50	43	16.86	1.0	16.73	1.0077704722056187]
[50	50	44	18.38	1.0	18.26	1.0065717415115003]
[50	50	45	20.35	1.0	20.16	1.0094246031746033]
[50	50	46	23.03	1.0	23.05	0.9991323210412147]
[50	50	47	26.03	1.0	25.96	1.0026964560862865]
[50	50	48	30.19	1.0	30.21	0.9993379675604105]
[50	50	49	36.64	1.0	36.43	1.0057644798243206]
[50	55	1	3.72	1.0	2.06	1.8058252427184467]
[50	55	2	3.31	0.997	2.53	1.3083003952569172]
[50	55	3	3.25	0.9877	2.93	1.1092150170648463]
[50	55	4	3.26	0.9264	3.03	1.0759075907590758]
[50	55	5	3.26	0.8988	3.12	1.0448717948717947]
[50	55	6	3.42	0.8626	3.27	1.0458715596330275]
[50	55	7	3.58	0.8547	3.47	1.031700288184438]
[50	55	8	3.8	0.8605	3.68	1.0326086956521738]
[50	55	9	3.94	0.8325	3.77	1.0450928381962865]
[50	55	10	3.98	0.8392	3.99	0.9974937343358395]
[50	55	11	4.13	0.8523	4.11	1.0048661800486618]
[50	55	12	4.28	0.8318	4.12	1.0388349514563107]
[50	55	13	4.34	0.8502	4.34	1.0]
[50	55	14	4.38	0.847	4.52	0.9690265486725664]
[50	55	15	4.62	0.8528	4.62	1.0]
[50	55	16	4.71	0.862	4.76	0.9894957983193278]
[50	55	17	4.87	0.8645	4.86	1.0020576131687242]
[50	55	18	4.99	0.8778	5.16	0.9670542635658915]
[50	55	19	5.1	0.8745	5.13	0.9941520467836257]
[50	55	20	5.27	0.8861	5.29	0.996219281663516]
[50	55	21	5.51	0.8966	5.49	1.0036429872495445]
[50	55	22	5.6	0.8946	5.6	1.0]
[50	55	23	5.86	0.9044	5.84	1.0034246575342467]
[50	55	24	5.86	0.9096	6.04	0.9701986754966888]
[50	55	25	6.2	0.9129	6.11	1.0147299509001637]
[50	55	26	6.29	0.9316	6.36	0.9889937106918238]
[50	55	27	6.51	0.9232	6.53	0.996937212863706]
[50	55	28	6.7	0.9403	6.64	1.0090361445783134]
[50	55	29	6.75	0.9437	6.72	1.0044642857142858]
[50	55	30	7.2	0.9375	7.11	1.0126582278481013]
[50	55	31	7.43	0.9435	7.35	1.0108843537414967]
[50	55	32	7.74	0.9599	7.47	1.036144578313253]
[50	55	33	8.09	0.9666	8.11	0.997533908754624]
[50	55	34	8.1	0.9691	8.24	0.983009708737864]
[50	55	35	8.52	0.9754	8.72	0.9770642201834862]
[50	55	36	8.93	0.9776	9.03	0.9889258028792913]
[50	55	37	9.04	0.9812	9.18	0.9847494553376905]
[50	55	38	9.89	0.9838	9.74	1.0154004106776182]
[50	55	39	10.04	0.9841	10.35	0.970048309178744]
[50	55	40	10.71	0.9813	10.6	1.0103773584905662]
[50	55	41	11.01	0.9964	11.27	0.976929902395741]
[50	55	42	11.73	0.9949	11.71	1.0017079419299744]
[50	55	43	12.15	0.9951	12.32	0.9862012987012987]
[50	55	44	13.31	0.997	13.59	0.9793966151582046]
[50	55	45	13.94	0.9993	14.17	0.9837685250529287]
[50	55	46	15.31	1.0	15.04	1.0179521276595747]
[50	55	47	16.52	0.9982	16.28	1.0147420147420148]
[50	55	48	18.05	1.0	17.65	1.0226628895184138]
[50	55	49	19.69	1.0	19.75	0.9969620253164557]
[50	55	50	21.4	1.0	21.87	0.9785093735711019]
[50	55	51	23.94	1.0	24.05	0.9954261954261955]
[50	55	52	27.07	1.0	27.14	0.9974207811348563]
[50	55	53	31.0	1.0	30.97	1.0009686793671295]
[50	55	54	36.91	1.0	36.89	1.0005421523448088]
[50	60	1	3.59	1.0	2.1	1.7095238095238094]
[50	60	2	3.16	0.9937	2.51	1.258964143426295]
[50	60	3	3.12	0.9744	2.92	1.0684931506849316]
[50	60	4	3.16	0.9241	3.02	1.0463576158940397]
[50	60	5	3.17	0.8896	3.08	1.0292207792207793]
[50	60	6	3.3	0.8636	3.13	1.0543130990415335]
[50	60	7	3.5	0.8314	3.37	1.0385756676557862]
[50	60	8	3.62	0.8481	3.58	1.011173184357542]
[50	60	9	3.75	0.8267	3.7	1.0135135135135134]
[50	60	10	3.89	0.8046	3.94	0.9873096446700508]
[50	60	11	3.96	0.8434	3.96	1.0]
[50	60	12	4.13	0.8232	4.02	1.027363184079602]
[50	60	13	4.15	0.8386	4.18	0.9928229665071772]
[50	60	14	4.36	0.8303	4.2	1.0380952380952382]
[50	60	15	4.49	0.8218	4.39	1.0227790432801824]
[50	60	16	4.57	0.8381	4.52	1.011061946902655]
[50	60	17	4.79	0.8685	4.67	1.025695931477516]
[50	60	18	4.8	0.8625	4.81	0.997920997920998]
[50	60	19	5.06	0.8617	4.94	1.0242914979757083]
[50	60	20	5.16	0.8643	5.08	1.015748031496063]
[50	60	21	5.18	0.8687	5.27	0.9829222011385199]
[50	60	22	5.4	0.9019	5.25	1.0285714285714287]
[50	60	23	5.39	0.8813	5.42	0.9944649446494465]
[50	60	24	5.56	0.9083	5.69	0.9771528998242529]
[50	60	25	5.71	0.8984	5.7	1.0017543859649123]
[50	60	26	5.73	0.918	6.04	0.9486754966887417]
[50	60	27	6.12	0.9216	6.03	1.0149253731343284]
[50	60	28	6.17	0.9384	6.17	1.0]
[50	60	29	6.39	0.9311	6.4	0.9984374999999999]
[50	60	30	6.59	0.9408	6.47	1.01854714064915]
[50	60	31	6.92	0.9379	6.82	1.0146627565982405]
[50	60	32	7.13	0.9495	7.05	1.0113475177304965]
[50	60	33	7.33	0.9468	7.08	1.0353107344632768]
[50	60	34	7.46	0.9397	7.76	0.961340206185567]
[50	60	35	7.59	0.9631	7.9	0.960759493670886]
[50	60	36	7.86	0.9669	7.9	0.9949367088607595]
[50	60	37	8.35	0.9713	8.27	1.0096735187424426]
[50	60	38	8.34	0.9736	8.45	0.9869822485207101]
[50	60	39	8.65	0.978	8.75	0.9885714285714287]
[50	60	40	9.27	0.9773	9.07	1.022050716648291]
[50	60	41	9.61	0.9844	9.78	0.9826175869120655]
[50	60	42	9.79	0.9928	9.89	0.9898887765419614]
[50	60	43	10.33	0.9894	10.51	0.9828734538534729]
[50	60	44	10.9	0.989	10.85	1.0046082949308757]
[50	60	45	11.51	0.993	11.31	1.017683465959328]
[50	60	46	12.11	0.9917	11.79	1.0271416454622562]
[50	60	47	12.52	0.9968	12.51	1.0007993605115908]
[50	60	48	13.13	0.9992	12.9	1.0178294573643412]
[50	60	49	14.5	0.9986	14.08	1.0298295454545454]
[50	60	50	14.82	0.9993	15.02	0.9866844207723037]
[50	60	51	15.72	0.9994	16.28	0.9656019656019655]
[50	60	52	17.24	1.0	17.02	1.0129259694477084]
[50	60	53	18.54	1.0	18.66	0.9935691318327974]
[50	60	54	20.56	1.0	20.62	0.9970902036857419]
[50	60	55	22.65	1.0	22.31	1.0152398027790228]
[50	60	56	24.89	1.0	24.81	1.003224506247481]
[50	60	57	28.09	1.0	28.06	1.0010691375623664]
[50	60	58	32.07	1.0	32.08	0.9996882793017458]
[50	60	59	37.3	1.0	38.25	0.9751633986928104]
[50	65	1	3.43	1.0	2.08	1.6490384615384615]
[50	65	2	3.13	0.9936	2.38	1.315126050420168]
[50	65	3	3.07	0.9609	2.82	1.0886524822695036]
[50	65	4	3.11	0.9357	2.98	1.0436241610738255]
[50	65	5	3.11	0.8939	3.0	1.0366666666666666]
[50	65	6	3.2	0.8625	3.14	1.019108280254777]
[50	65	7	3.38	0.8669	3.23	1.046439628482972]
[50	65	8	3.41	0.8446	3.45	0.9884057971014493]
[50	65	9	3.68	0.8342	3.52	1.0454545454545454]
[50	65	10	3.87	0.7907	3.8	1.0184210526315791]
[50	65	11	3.96	0.8131	3.86	1.0259067357512954]
[50	65	12	4.04	0.8119	3.93	1.0279898218829515]
[50	65	13	4.05	0.837	4.09	0.9902200488997555]
[50	65	14	4.1	0.8341	4.16	0.9855769230769229]
[50	65	15	4.32	0.8565	4.18	1.0334928229665072]
[50	65	16	4.38	0.8288	4.43	0.9887133182844244]
[50	65	17	4.54	0.8436	4.56	0.9956140350877194]
[50	65	18	4.59	0.8388	4.55	1.0087912087912088]
[50	65	19	4.76	0.8445	4.69	1.0149253731343282]
[50	65	20	4.97	0.8551	4.8	1.0354166666666667]
[50	65	21	4.94	0.8907	4.86	1.0164609053497942]
[50	65	22	5.01	0.8782	5.04	0.994047619047619]
[50	65	23	5.25	0.8762	5.12	1.025390625]
[50	65	24	5.34	0.8801	5.3	1.0075471698113208]
[50	65	25	5.51	0.8966	5.41	1.0184842883548983]
[50	65	26	5.53	0.9096	5.56	0.9946043165467627]
[50	65	27	5.73	0.9127	5.86	0.9778156996587031]
[50	65	28	5.91	0.9086	5.72	1.0332167832167833]
[50	65	29	6.08	0.9194	6.12	0.9934640522875817]
[50	65	30	6.18	0.9272	6.04	1.0231788079470199]
[50	65	31	6.48	0.9321	6.46	1.0030959752321982]
[50	65	32	6.59	0.9226	6.42	1.0264797507788161]
[50	65	33	6.84	0.9459	6.63	1.0316742081447963]
[50	65	34	7.04	0.9403	7.09	0.9929478138222849]
[50	65	35	7.24	0.9475	7.08	1.0225988700564972]
[50	65	36	7.34	0.9578	7.28	1.0082417582417582]
[50	65	37	7.44	0.961	7.57	0.9828269484808455]
[50	65	38	7.72	0.9715	7.77	0.9935649935649936]
[50	65	39	7.7	0.974	7.81	0.9859154929577465]
[50	65	40	8.08	0.9777	8.22	0.9829683698296836]
[50	65	41	8.33	0.9724	8.47	0.9834710743801652]
[50	65	42	8.7	0.9874	8.65	1.005780346820809]
[50	65	43	9.05	0.9812	9.04	1.0011061946902657]
[50	65	44	9.3	0.986	9.31	0.9989258861439313]
[50	65	45	9.75	0.9785	9.8	0.9948979591836734]
[50	65	46	9.97	0.992	10.02	0.9950099800399202]
[50	65	47	10.48	0.9933	10.66	0.9831144465290808]
[50	65	48	10.79	0.9935	10.8	0.9990740740740739]
[50	65	49	11.56	0.9931	11.72	0.9863481228668942]
[50	65	50	11.8	0.9983	12.31	0.958570268074736]
[50	65	51	12.51	0.9984	12.37	1.011317704122878]
[50	65	52	13.04	1.0	13.0	1.003076923076923]
[50	65	53	13.85	0.9971	13.84	1.0007225433526012]
[50	65	54	14.64	0.9986	15.09	0.970178926441352]
[50	65	55	15.83	1.0	15.58	1.0160462130937098]
[50	65	56	16.71	0.9994	17.15	0.9743440233236152]
[50	65	57	17.95	1.0	18.3	0.9808743169398906]
[50	65	58	19.84	1.0	19.79	1.0025265285497726]
[50	65	59	21.63	1.0	21.52	1.0051115241635686]
[50	65	60	23.42	1.0	23.11	1.0134141064474254]
[50	65	61	25.8	1.0	25.56	1.0093896713615025]
[50	65	62	28.58	1.0	28.83	0.9913284772806105]
[50	65	63	33.06	1.0	32.97	1.0027297543221112]
[50	65	64	38.35	1.0	38.83	0.9876384238990472]
[50	70	1	3.27	1.0	2.03	1.6108374384236455]
[50	70	2	3.06	1.0	2.36	1.2966101694915255]
[50	70	3	3.02	0.9636	2.79	1.082437275985663]
[50	70	4	3.05	0.9016	3.0	1.0166666666666666]
[50	70	5	3.09	0.89	3.04	1.0164473684210527]
[50	70	6	3.25	0.8677	3.08	1.0551948051948052]
[50	70	7	3.24	0.8765	3.19	1.0156739811912228]
[50	70	8	3.46	0.8324	3.28	1.0548780487804879]
[50	70	9	3.49	0.8109	3.45	1.0115942028985507]
[50	70	10	3.74	0.8316	3.72	1.0053763440860215]
[50	70	11	3.89	0.8201	3.81	1.020997375328084]
[50	70	12	3.97	0.8161	3.93	1.0101781170483461]
[50	70	13	3.98	0.8291	3.99	0.9974937343358395]
[50	70	14	3.98	0.8367	4.03	0.987593052109181]
[50	70	15	4.14	0.8333	4.16	0.9951923076923076]
[50	70	16	4.24	0.8467	4.19	1.0119331742243436]
[50	70	17	4.37	0.833	4.34	1.0069124423963134]
[50	70	18	4.42	0.862	4.6	0.9608695652173913]
[50	70	19	4.6	0.8478	4.57	1.0065645514223194]
[50	70	20	4.74	0.8354	4.64	1.021551724137931]
[50	70	21	4.71	0.8684	4.74	0.9936708860759493]
[50	70	22	4.98	0.8655	4.83	1.0310559006211182]
[50	70	23	4.93	0.8722	5.06	0.974308300395257]
[50	70	24	5.16	0.8779	5.06	1.0197628458498025]
[50	70	25	5.32	0.8684	5.29	1.005671077504726]
[50	70	26	5.49	0.8925	5.37	1.0223463687150838]
[50	70	27	5.48	0.8996	5.51	0.9945553539019965]
[50	70	28	5.77	0.8977	5.53	1.043399638336347]
[50	70	29	5.66	0.9152	5.8	0.9758620689655173]
[50	70	30	5.86	0.9181	5.81	1.0086058519793462]
[50	70	31	5.9	0.9203	6.02	0.9800664451827243]
[50	70	32	6.19	0.9241	6.15	1.0065040650406505]
[50	70	33	6.24	0.9279	6.2	1.0064516129032257]
[50	70	34	6.42	0.9346	6.41	1.001560062402496]
[50	70	35	6.79	0.9367	6.61	1.027231467473525]
[50	70	36	6.84	0.943	6.78	1.008849557522124]
[50	70	37	6.75	0.9526	6.92	0.9754335260115607]
[50	70	38	7.16	0.9581	7.17	0.99860529986053]
[50	70	39	7.38	0.9661	7.33	1.0068212824010914]
[50	70	40	7.46	0.9571	7.58	0.9841688654353562]
[50	70	41	7.7	0.9662	7.75	0.9935483870967742]
[50	70	42	8.07	0.9628	7.93	1.0176544766708702]
[50	70	43	8.25	0.9661	8.09	1.019777503090235]
[50	70	44	8.59	0.9662	8.27	1.0386940749697704]
[50	70	45	8.49	0.9823	8.57	0.9906651108518086]
[50	70	46	8.97	0.9788	8.9	1.0078651685393258]
[50	70	47	9.02	0.9867	9.35	0.9647058823529412]
[50	70	48	9.66	0.9845	9.48	1.0189873417721518]
[50	70	49	9.91	0.9919	9.95	0.9959798994974876]
[50	70	50	10.2	0.9941	10.25	0.9951219512195121]
[50	70	51	10.55	0.9943	10.55	1.0]
[50	70	52	11.15	0.9928	11.16	0.9991039426523297]
[50	70	53	11.67	0.9931	11.52	1.0130208333333333]
[50	70	54	11.96	0.9983	12.11	0.9876135425268374]
[50	70	55	12.56	0.9968	12.78	0.9827856025039124]
[50	70	56	13.18	1.0	13.31	0.9902329075882794]
[50	70	57	13.86	0.9986	13.55	1.0228782287822877]
[50	70	58	14.63	1.0	14.54	1.0061898211829436]
[50	70	59	15.67	0.9994	15.48	1.0122739018087854]
[50	70	60	16.66	1.0	16.83	0.9898989898989901]
[50	70	61	17.54	1.0	17.65	0.9937677053824363]
[50	70	62	18.96	1.0	18.96	1.0]
[50	70	63	20.72	1.0	20.39	1.0161844041196664]
[50	70	64	22.1	1.0	22.15	0.997742663656885]
[50	70	65	24.24	1.0	24.28	0.9983525535420098]
[50	70	66	26.34	1.0	26.16	1.0068807339449541]
[50	70	67	29.38	1.0	29.68	0.9898921832884097]
[50	70	68	33.66	1.0	33.5	1.004776119402985]
[50	70	69	39.2	1.0	39.31	0.9972017298397354]
[50	75	1	3.34	1.0	2.02	1.6534653465346534]
[50	75	2	3.02	0.9967	2.28	1.324561403508772]
[50	75	3	3.03	0.9571	2.62	1.1564885496183206]
[50	75	4	3.04	0.9605	2.9	1.0482758620689656]
[50	75	5	3.02	0.9007	3.01	1.0033222591362128]
[50	75	6	3.12	0.8718	3.07	1.01628664495114]
[50	75	7	3.29	0.848	3.15	1.0444444444444445]
[50	75	8	3.35	0.8328	3.28	1.0213414634146343]
[50	75	9	3.47	0.8415	3.42	1.0146198830409356]
[50	75	10	3.68	0.8288	3.52	1.0454545454545454]
[50	75	11	3.77	0.7958	3.73	1.0107238605898123]
[50	75	12	3.78	0.8095	3.82	0.9895287958115183]
[50	75	13	3.93	0.827	3.92	1.0025510204081634]
[50	75	14	3.98	0.8241	3.99	0.9974937343358395]
[50	75	15	3.99	0.8221	4.01	0.9950124688279303]
[50	75	16	4.14	0.8285	4.15	0.997590361445783]
[50	75	17	4.25	0.8353	4.18	1.0167464114832536]
[50	75	18	4.25	0.8494	4.38	0.9703196347031964]
[50	75	19	4.39	0.8337	4.44	0.9887387387387386]
[50	75	20	4.52	0.8606	4.52	1.0]
[50	75	21	4.71	0.862	4.66	1.0107296137339055]
[50	75	22	4.8	0.8542	4.81	0.997920997920998]
[50	75	23	4.93	0.8337	4.8	1.0270833333333333]
[50	75	24	5.06	0.8874	5.02	1.0079681274900398]
[50	75	25	5.07	0.8659	5.13	0.9883040935672516]
[50	75	26	5.12	0.8926	5.21	0.9827255278310941]
[50	75	27	5.24	0.8779	5.25	0.9980952380952381]
[50	75	28	5.39	0.9054	5.29	1.0189035916824196]
[50	75	29	5.53	0.9096	5.46	1.0128205128205128]
[50	75	30	5.65	0.9168	5.61	1.0071301247771836]
[50	75	31	5.75	0.9113	5.76	0.998263888888889]
[50	75	32	5.83	0.9262	5.87	0.9931856899488927]
[50	75	33	6.02	0.9219	5.9	1.0203389830508474]
[50	75	34	6.06	0.9307	6.18	0.9805825242718447]
[50	75	35	6.31	0.9334	6.22	1.0144694533762058]
[50	75	36	6.43	0.9502	6.44	0.998447204968944]
[50	75	37	6.7	0.9418	6.6	1.0151515151515151]
[50	75	38	6.79	0.9514	6.74	1.0074183976261126]
[50	75	39	6.69	0.9567	6.74	0.9925816023738873]
[50	75	40	6.98	0.9427	7.02	0.9943019943019944]
[50	75	41	7.17	0.9651	7.11	1.0084388185654007]
[50	75	42	7.3	0.9589	7.24	1.0082872928176796]
[50	75	43	7.3	0.9685	7.58	0.9630606860158311]
[50	75	44	7.9	0.9696	7.88	1.00253807106599]
[50	75	45	7.94	0.9736	8.09	0.9814585908529049]
[50	75	46	8.22	0.9769	8.21	1.0012180267965896]
[50	75	47	8.5	0.9765	8.4	1.0119047619047619]
[50	75	48	8.53	0.9848	8.68	0.9827188940092165]
[50	75	49	9.08	0.978	8.89	1.0213723284589427]
[50	75	50	9.05	0.9878	9.08	0.9966960352422908]
[50	75	51	9.32	0.9828	9.23	1.009750812567714]
[50	75	52	9.96	0.9859	9.94	1.0020120724346078]
[50	75	53	10.22	0.9932	9.96	1.0261044176706826]
[50	75	54	10.54	0.9924	10.36	1.0173745173745175]
[50	75	55	10.96	0.9936	10.66	1.028142589118199]
[50	75	56	11.17	0.9928	11.21	0.9964317573595004]
[50	75	57	11.69	0.9974	11.76	0.9940476190476191]
[50	75	58	12.03	0.9975	12.31	0.9772542648253452]
[50	75	59	12.46	0.9976	12.77	0.9757243539545811]
[50	75	60	13.26	1.0	13.35	0.9932584269662922]
[50	75	61	13.59	1.0	14.22	0.9556962025316456]
[50	75	62	14.64	0.9986	14.21	1.0302603800140746]
[50	75	63	15.01	1.0	15.5	0.9683870967741935]
[50	75	64	16.31	1.0	16.47	0.9902853673345476]
[50	75	65	17.06	1.0	17.28	0.9872685185185184]
[50	75	66	18.68	1.0	18.11	1.0314743235781336]
[50	75	67	20.11	1.0	19.56	1.028118609406953]
[50	75	68	21.22	1.0	21.17	1.0023618327822388]
[50	75	69	22.67	1.0	23.17	0.9784203711696159]
[50	75	70	24.86	1.0	25.22	0.985725614591594]
[50	75	71	27.44	1.0	27.42	1.00072939460248]
[50	75	72	30.33	1.0	30.0	1.011]
[50	75	73	34.23	1.0	33.67	1.0166320166320164]
[50	75	74	40.02	1.0	39.68	1.0085685483870968]
[50	80	1	3.26	1.0	2.03	1.6059113300492611]
[50	80	2	3.03	1.0	2.24	1.3526785714285712]
[50	80	3	2.99	0.9866	2.63	1.1368821292775666]
[50	80	4	3.05	0.9508	2.82	1.0815602836879432]
[50	80	5	3.07	0.8762	2.98	1.0302013422818792]
[50	80	6	3.14	0.8885	3.04	1.0328947368421053]
[50	80	7	3.17	0.8423	3.1	1.0225806451612902]
[50	80	8	3.25	0.8277	3.17	1.025236593059937]
[50	80	9	3.34	0.8503	3.22	1.0372670807453415]
[50	80	10	3.47	0.8386	3.48	0.9971264367816093]
[50	80	11	3.61	0.7922	3.59	1.0055710306406684]
[50	80	12	3.8	0.8395	3.73	1.0187667560321716]
[50	80	13	3.85	0.8208	3.81	1.010498687664042]
[50	80	14	3.93	0.799	3.81	1.031496062992126]
[50	80	15	4.04	0.8119	4.02	1.0049751243781095]
[50	80	16	4.05	0.8099	4.01	1.0099750623441397]
[50	80	17	4.14	0.8285	4.12	1.0048543689320388]
[50	80	18	4.24	0.8184	4.23	1.0023640661938533]
[50	80	19	4.31	0.8469	4.4	0.9795454545454544]
[50	80	20	4.47	0.8389	4.4	1.0159090909090909]
[50	80	21	4.53	0.8499	4.44	1.0202702702702702]
[50	80	22	4.62	0.868	4.56	1.0131578947368423]
[50	80	23	4.72	0.8602	4.76	0.9915966386554622]
[50	80	24	4.79	0.8539	4.74	1.010548523206751]
[50	80	25	4.81	0.8711	4.82	0.9979253112033194]
[50	80	26	5.08	0.8701	4.91	1.034623217922607]
[50	80	27	5.17	0.8762	5.08	1.0177165354330708]
[50	80	28	5.3	0.8962	5.2	1.0192307692307692]
[50	80	29	5.41	0.9039	5.32	1.0169172932330828]
[50	80	30	5.39	0.898	5.39	1.0]
[50	80	31	5.63	0.881	5.38	1.046468401486989]
[50	80	32	5.54	0.9206	5.63	0.9840142095914742]
[50	80	33	5.67	0.9189	5.76	0.984375]
[50	80	34	6.0	0.9217	5.83	1.0291595197255574]
[50	80	35	5.88	0.9218	5.92	0.9932432432432432]
[50	80	36	6.09	0.931	5.99	1.01669449081803]
[50	80	37	6.09	0.9261	6.08	1.0016447368421053]
[50	80	38	6.26	0.9265	6.42	0.9750778816199377]
[50	80	39	6.57	0.9346	6.49	1.012326656394453]
[50	80	40	6.66	0.9414	6.48	1.0277777777777777]
[50	80	41	6.76	0.9512	6.62	1.0211480362537764]
[50	80	42	6.84	0.9532	6.79	1.0073637702503682]
[50	80	43	7.09	0.9619	7.05	1.0056737588652482]
[50	80	44	7.28	0.9588	7.27	1.001375515818432]
[50	80	45	7.41	0.9636	7.52	0.985372340425532]
[50	80	46	7.57	0.9775	7.63	0.9921363040629096]
[50	80	47	7.8	0.9603	7.79	1.0012836970474968]
[50	80	48	7.94	0.9761	7.9	1.0050632911392405]
[50	80	49	8.05	0.9764	8.41	0.9571938168846612]
[50	80	50	8.56	0.9743	8.43	1.0154211150652432]
[50	80	51	8.57	0.9813	8.45	1.0142011834319529]
[50	80	52	8.84	0.9785	8.88	0.9954954954954954]
[50	80	53	9.2	0.9793	9.14	1.0065645514223194]
[50	80	54	9.16	0.9814	9.21	0.9945711183496199]
[50	80	55	9.42	0.9926	9.58	0.9832985386221295]
[50	80	56	9.73	0.9887	9.97	0.9759277833500501]
[50	80	57	10.13	0.997	10.2	0.9931372549019609]
[50	80	58	10.6	0.9943	10.48	1.0114503816793892]
[50	80	59	11.04	0.9973	10.84	1.018450184501845]
[50	80	60	11.46	0.9965	11.14	1.0287253141831239]
[50	80	61	11.65	0.9991	11.65	1.0]
[50	80	62	12.42	0.996	12.16	1.0213815789473684]
[50	80	63	12.78	0.9984	12.7	1.0062992125984251]
[50	80	64	13.38	1.0	13.34	1.0029985007496252]
[50	80	65	13.84	0.9993	14.05	0.985053380782918]
[50	80	66	14.48	1.0	14.42	1.0041608876560333]
[50	80	67	14.92	0.9993	15.21	0.9809335963182116]
[50	80	68	15.85	1.0	16.29	0.9729895641497852]
[50	80	69	16.79	1.0	16.69	1.005991611743559]
[50	80	70	17.96	1.0	17.97	0.9994435169727325]
[50	80	71	19.13	0.9995	19.19	0.996873371547681]
[50	80	72	20.19	1.0	20.17	1.0009915716410511]
[50	80	73	22.12	1.0	21.88	1.0109689213893969]
[50	80	74	23.9	1.0	23.66	1.0101437024513946]
[50	80	75	25.7	1.0	25.58	1.0046911649726349]
[50	80	76	28.43	1.0	28.32	1.0038841807909604]
[50	80	77	30.77	1.0	30.49	1.0091833387996065]
[50	80	78	34.57	1.0	34.53	1.0011584129742253]
[50	80	79	40.18	1.0	40.03	1.003747189607794]
[50	85	1	3.19	1.0	2.02	1.5792079207920793]
[50	85	2	3.05	1.0	2.19	1.3926940639269405]
[50	85	3	2.9	0.969	2.6	1.1153846153846154]
[50	85	4	2.97	0.9226	2.84	1.045774647887324]
[50	85	5	3.06	0.9118	2.99	1.0234113712374582]
[50	85	6	3.07	0.8958	3.02	1.0165562913907285]
[50	85	7	3.09	0.8479	3.1	0.996774193548387]
[50	85	8	3.27	0.8104	3.13	1.0447284345047925]
[50	85	9	3.26	0.8466	3.2	1.0187499999999998]
[50	85	10	3.41	0.8475	3.28	1.0396341463414636]
[50	85	11	3.52	0.8239	3.44	1.0232558139534884]
[50	85	12	3.69	0.8266	3.63	1.0165289256198347]
[50	85	13	3.76	0.8085	3.78	0.9947089947089947]
[50	85	14	3.93	0.8219	3.91	1.0051150895140666]
[50	85	15	3.97	0.796	3.93	1.0101781170483461]
[50	85	16	3.97	0.8111	3.96	1.0025252525252526]
[50	85	17	4.09	0.8093	3.99	1.025062656641604]
[50	85	18	4.09	0.8313	4.11	0.9951338199513381]
[50	85	19	4.18	0.8445	4.21	0.9928741092636579]
[50	85	20	4.33	0.8568	4.33	1.0]
[50	85	21	4.33	0.8314	4.44	0.9752252252252251]
[50	85	22	4.59	0.8453	4.5	1.02]
[50	85	23	4.65	0.8473	4.52	1.0287610619469028]
[50	85	24	4.6	0.863	4.6	1.0]
[50	85	25	4.72	0.8729	4.74	0.9957805907172995]
[50	85	26	4.78	0.8912	4.89	0.9775051124744377]
[50	85	27	5.02	0.8865	4.98	1.008032128514056]
[50	85	28	4.99	0.8737	4.93	1.0121703853955377]
[50	85	29	5.22	0.8812	5.14	1.0155642023346303]
[50	85	30	5.29	0.8715	5.25	1.0076190476190476]
[50	85	31	5.37	0.8901	5.33	1.0075046904315197]
[50	85	32	5.42	0.9004	5.24	1.034351145038168]
[50	85	33	5.52	0.9112	5.58	0.9892473118279569]
[50	85	34	5.54	0.9097	5.62	0.9857651245551601]
[50	85	35	5.83	0.9262	5.71	1.021015761821366]
[50	85	36	5.88	0.9303	5.78	1.0173010380622838]
[50	85	37	5.98	0.9314	5.99	0.998330550918197]
[50	85	38	6.15	0.9398	6.08	1.011513157894737]
[50	85	39	6.22	0.9325	6.17	1.0081037277147487]
[50	85	40	6.24	0.9327	6.31	0.988906497622821]
[50	85	41	6.39	0.9452	6.45	0.9906976744186046]
[50	85	42	6.52	0.9387	6.56	0.9939024390243902]
[50	85	43	6.75	0.9496	6.67	1.0119940029985008]
[50	85	44	6.84	0.9488	6.86	0.9970845481049562]
[50	85	45	6.81	0.9706	7.06	0.9645892351274787]
[50	85	46	7.09	0.969	7.03	1.0085348506401137]
[50	85	47	7.34	0.9659	7.3	1.0054794520547945]
[50	85	48	7.58	0.9591	7.43	1.0201884253028264]
[50	85	49	7.57	0.9643	7.62	0.9934383202099738]
[50	85	50	7.96	0.9698	7.87	1.0114358322744599]
[50	85	51	8.0	0.9775	8.05	0.9937888198757763]
[50	85	52	8.02	0.98	8.17	0.981640146878825]
[50	85	53	8.27	0.9867	8.38	0.9868735083532219]
[50	85	54	8.53	0.9848	8.59	0.9930151338766007]
[50	85	55	8.6	0.9895	8.74	0.9839816933638443]
[50	85	56	8.91	0.9854	9.04	0.9856194690265487]
[50	85	57	9.49	0.9895	9.35	1.0149732620320857]
[50	85	58	9.38	0.9904	9.5	0.9873684210526317]
[50	85	59	9.8	0.9898	9.82	0.9979633401221997]
[50	85	60	10.19	0.9941	10.42	0.9779270633397312]
[50	85	61	10.52	0.9933	10.33	1.0183930300096804]
[50	85	62	10.48	0.9952	10.23	1.024437927663734]
[50	85	63	11.09	0.9964	10.98	1.0100182149362478]
[50	85	64	11.3	0.9965	11.56	0.9775086505190311]
[50	85	65	11.8	0.9966	11.93	0.9891031014249791]
[50	85	66	11.97	0.9992	12.37	0.9676637025060632]
[50	85	67	12.59	0.9984	12.61	0.9984139571768438]
[50	85	68	13.45	0.9978	13.24	1.0158610271903323]
[50	85	69	13.83	0.9993	13.82	1.0007235890014472]
[50	85	70	14.29	0.9993	14.72	0.9707880434782608]
[50	85	71	15.0	1.0	15.21	0.9861932938856015]
[50	85	72	15.78	1.0	15.66	1.007662835249042]
[50	85	73	16.77	1.0	16.88	0.9934834123222749]
[50	85	74	17.94	1.0	17.64	1.0170068027210886]
[50	85	75	18.92	1.0	18.97	0.9973642593568794]
[50	85	76	19.71	1.0	19.71	1.0]
[50	85	77	21.29	1.0	21.31	0.999061473486626]
[50	85	78	22.49	1.0	22.7	0.9907488986784141]
[50	85	79	24.43	1.0	24.1	1.0136929460580912]
[50	85	80	26.28	1.0	26.19	1.0034364261168385]
[50	85	81	28.39	1.0	29.03	0.9779538408542886]
[50	85	82	31.52	1.0	31.6	0.9974683544303797]
[50	85	83	35.43	1.0	35.22	1.005962521294719]
[50	85	84	40.54	1.0	40.39	1.0037137905422133]
[50	90	1	3.1	1.0	2.02	1.5346534653465347]
[50	90	2	2.94	1.0	2.21	1.330316742081448]
[50	90	3	2.95	0.9763	2.46	1.1991869918699187]
[50	90	4	3.05	0.941	2.71	1.125461254612546]
[50	90	5	2.99	0.8863	2.98	1.0033557046979866]
[50	90	6	3.1	0.8613	3.02	1.0264900662251655]
[50	90	7	3.06	0.8595	3.05	1.0032786885245903]
[50	90	8	3.12	0.7788	3.11	1.0032154340836013]
[50	90	9	3.22	0.8478	3.21	1.003115264797508]
[50	90	10	3.37	0.8279	3.23	1.043343653250774]
[50	90	11	3.49	0.8023	3.42	1.02046783625731]
[50	90	12	3.59	0.8217	3.56	1.0084269662921348]
[50	90	13	3.8	0.8105	3.68	1.0326086956521738]
[50	90	14	3.8	0.8158	3.8	1.0]
[50	90	15	3.87	0.7959	3.85	1.0051948051948052]
[50	90	16	3.9	0.8128	3.92	0.9948979591836735]
[50	90	17	4.04	0.8168	3.9	1.035897435897436]
[50	90	18	4.08	0.8186	4.09	0.9975550122249389]
[50	90	19	4.17	0.8177	4.16	1.002403846153846]
[50	90	20	4.23	0.8369	4.2	1.0071428571428571]
[50	90	21	4.24	0.8632	4.34	0.9769585253456222]
[50	90	22	4.44	0.8333	4.4	1.009090909090909]
[50	90	23	4.43	0.8578	4.41	1.00453514739229]
[50	90	24	4.48	0.8415	4.61	0.9718004338394794]
[50	90	25	4.61	0.8937	4.67	0.9871520342612421]
[50	90	26	4.71	0.896	4.7	1.0021276595744681]
[50	90	27	4.87	0.8604	4.79	1.0167014613778707]
[50	90	28	4.93	0.8803	4.88	1.0102459016393441]
[50	90	29	5.05	0.8871	4.91	1.0285132382892057]
[50	90	30	5.04	0.8869	5.04	1.0]
[50	90	31	5.2	0.8962	5.2	1.0]
[50	90	32	5.16	0.9089	5.22	0.9885057471264369]
[50	90	33	5.36	0.9067	5.25	1.020952380952381]
[50	90	34	5.29	0.9187	5.56	0.9514388489208634]
[50	90	35	5.54	0.9206	5.6	0.9892857142857143]
[50	90	36	5.74	0.9233	5.57	1.030520646319569]
[50	90	37	5.67	0.9224	5.74	0.9878048780487805]
[50	90	38	5.68	0.9313	5.73	0.9912739965095985]
[50	90	39	5.95	0.9311	6.03	0.9867330016583747]
[50	90	40	5.91	0.9323	5.86	1.0085324232081911]
[50	90	41	6.13	0.9184	6.04	1.0149006622516556]
[50	90	42	6.27	0.933	6.44	0.9736024844720496]
[50	90	43	6.39	0.9499	6.39	1.0]
[50	90	44	6.42	0.9548	6.48	0.9907407407407407]
[50	90	45	6.65	0.9564	6.72	0.9895833333333334]
[50	90	46	6.9	0.9551	6.77	1.0192023633677991]
[50	90	47	6.93	0.9625	7.06	0.981586402266289]
[50	90	48	6.98	0.9556	7.05	0.9900709219858157]
[50	90	49	7.04	0.9759	7.01	1.0042796005706134]
[50	90	50	7.25	0.9641	7.3	0.9931506849315068]
[50	90	51	7.48	0.9679	7.48	1.0]
[50	90	52	7.49	0.9786	7.45	1.0053691275167784]
[50	90	53	7.84	0.9732	7.71	1.0168612191958495]
[50	90	54	7.8	0.9756	7.66	1.0182767624020888]
[50	90	55	8.2	0.9768	8.21	0.9987819732034103]
[50	90	56	8.37	0.9821	8.49	0.9858657243816253]
[50	90	57	8.39	0.9857	8.46	0.9917257683215129]
[50	90	58	8.75	0.9874	8.78	0.9965831435079727]
[50	90	59	8.91	0.9888	9.01	0.9889012208657049]
[50	90	60	9.21	0.9902	8.88	1.037162162162162]
[50	90	61	9.23	0.9935	9.58	0.9634655532359082]
[50	90	62	9.64	0.9948	9.28	1.038793103448276]
[50	90	63	9.9	0.9909	9.72	1.0185185185185184]
[50	90	64	9.93	0.995	10.3	0.9640776699029125]
[50	90	65	10.25	0.999	10.68	0.9597378277153559]
[50	90	66	10.69	0.9963	10.7	0.9990654205607477]
[50	90	67	11.18	0.9955	11.17	1.000895255147717]
[50	90	68	11.48	0.9956	11.5	0.9982608695652174]
[50	90	69	11.93	0.9992	11.85	1.0067510548523206]
[50	90	70	12.48	0.9968	12.12	1.0297029702970297]
[50	90	71	12.32	1.0	12.94	0.9520865533230294]
[50	90	72	13.16	0.9992	13.19	0.9977255496588325]
[50	90	73	13.7	0.9985	13.91	0.9849029475197699]
[50	90	74	14.39	1.0	14.44	0.9965373961218837]
[50	90	75	14.98	1.0	15.03	0.9966733200266135]
[50	90	76	15.74	1.0	15.72	1.0012722646310432]
[50	90	77	16.65	1.0	16.54	1.0066505441354292]
[50	90	78	17.95	1.0	17.11	1.049094097019287]
[50	90	79	18.33	1.0	18.54	0.988673139158576]
[50	90	80	19.36	1.0	19.48	0.9938398357289527]
[50	90	81	20.2	1.0	20.65	0.9782082324455206]
[50	90	82	21.63	1.0	21.96	0.9849726775956283]
[50	90	83	23.12	1.0	23.22	0.9956933677863912]
[50	90	84	25.09	1.0	25.03	1.0023971234518578]
[50	90	85	26.88	1.0	26.96	0.9970326409495548]
[50	90	86	29.61	1.0	28.89	1.0249221183800623]
[50	90	87	31.93	1.0	32.14	0.9934660858743]
[50	90	88	35.56	1.0	35.69	0.9963575231157188]
[50	90	89	40.51	1.0	40.68	0.9958210422812193]
[50	95	1	3.13	1.0	2.04	1.534313725490196]
[50	95	2	2.86	1.0	2.15	1.330232558139535]
[50	95	3	2.94	0.9796	2.43	1.2098765432098764]
[50	95	4	2.99	0.9532	2.68	1.1156716417910448]
[50	95	5	3.02	0.8808	2.92	1.034246575342466]
[50	95	6	3.06	0.8824	2.98	1.0268456375838926]
[50	95	7	3.08	0.8344	3.02	1.0198675496688743]
[50	95	8	3.14	0.8439	3.05	1.0295081967213116]
[50	95	9	3.14	0.8185	3.12	1.0064102564102564]
[50	95	10	3.25	0.8154	3.19	1.0188087774294672]
[50	95	11	3.4	0.8412	3.28	1.0365853658536586]
[50	95	12	3.49	0.8424	3.49	1.0]
[50	95	13	3.67	0.8229	3.6	1.0194444444444444]
[50	95	14	3.7	0.8162	3.78	0.978835978835979]
[50	95	15	3.85	0.8052	3.84	1.0026041666666667]
[50	95	16	3.88	0.8067	3.76	1.0319148936170213]
[50	95	17	3.98	0.8116	3.93	1.0127226463104326]
[50	95	18	3.94	0.835	4.05	0.9728395061728395]
[50	95	19	4.03	0.8288	3.97	1.0151133501259446]
[50	95	20	4.19	0.8425	4.07	1.0294840294840295]
[50	95	21	4.18	0.8517	4.16	1.0048076923076923]
[50	95	22	4.37	0.8375	4.29	1.0186480186480187]
[50	95	23	4.31	0.8608	4.29	1.0046620046620045]
[50	95	24	4.46	0.8498	4.43	1.0067720090293455]
[50	95	25	4.48	0.8549	4.56	0.9824561403508774]
[50	95	26	4.59	0.8584	4.55	1.0087912087912088]
[50	95	27	4.69	0.855	4.64	1.0107758620689657]
[50	95	28	4.72	0.875	4.84	0.9752066115702479]
[50	95	29	4.79	0.8706	4.74	1.010548523206751]
[50	95	30	4.9	0.8959	5.0	0.9800000000000001]
[50	95	31	4.96	0.875	5.05	0.9821782178217822]
[50	95	32	4.96	0.8891	5.18	0.9575289575289576]
[50	95	33	5.26	0.903	5.22	1.0076628352490422]
[50	95	34	5.29	0.8922	5.2	1.0173076923076922]
[50	95	35	5.16	0.9147	5.24	0.9847328244274809]
[50	95	36	5.45	0.9064	5.35	1.0186915887850467]
[50	95	37	5.5	0.9109	5.46	1.0073260073260073]
[50	95	38	5.69	0.9279	5.61	1.014260249554367]
[50	95	39	5.83	0.9262	5.52	1.0561594202898552]
[50	95	40	5.84	0.9247	5.85	0.9982905982905983]
[50	95	41	5.77	0.9289	5.79	0.9965457685664939]
[50	95	42	5.89	0.9236	6.07	0.9703459637561779]
[50	95	43	6.09	0.931	5.93	1.026981450252951]
[50	95	44	6.31	0.9477	6.19	1.0193861066235863]
[50	95	45	6.28	0.9506	6.23	1.0080256821829856]
[50	95	46	6.46	0.9598	6.43	1.0046656298600312]
[50	95	47	6.58	0.959	6.43	1.0233281493001556]
[50	95	48	6.52	0.9678	6.7	0.9731343283582089]
[50	95	49	6.68	0.9656	6.86	0.9737609329446063]
[50	95	50	6.79	0.9632	6.97	0.9741750358680058]
[50	95	51	7.02	0.9701	6.97	1.007173601147776]
[50	95	52	7.08	0.9703	7.29	0.9711934156378601]
[50	95	53	7.36	0.966	7.27	1.0123796423658873]
[50	95	54	7.55	0.9722	7.53	1.00265604249668]
[50	95	55	7.59	0.9855	7.7	0.9857142857142857]
[50	95	56	7.68	0.9753	7.75	0.9909677419354839]
[50	95	57	7.86	0.9835	7.86	1.0]
[50	95	58	8.23	0.9806	8.1	1.0160493827160495]
[50	95	59	8.36	0.9904	8.25	1.0133333333333332]
[50	95	60	8.55	0.9848	8.43	1.01423487544484]
[50	95	61	8.74	0.9863	8.52	1.0258215962441315]
[50	95	62	8.96	0.9933	8.79	1.0193401592719]
[50	95	63	8.93	0.9888	9.11	0.9802414928649835]
[50	95	64	9.29	0.9946	9.33	0.9957127545551981]
[50	95	65	9.47	0.9947	9.53	0.9937040923399791]
[50	95	66	9.93	0.993	9.75	1.0184615384615385]
[50	95	67	9.81	0.999	10.05	0.9761194029850746]
[50	95	68	10.31	0.9952	10.02	1.028942115768463]
[50	95	69	10.44	0.9981	10.58	0.9867674858223062]
[50	95	70	10.94	0.9945	10.82	1.011090573012939]
[50	95	71	11.02	0.9973	11.26	0.9786856127886323]
[50	95	72	11.25	1.0	11.48	0.9799651567944251]
[50	95	73	12.1	0.995	11.94	1.0134003350083751]
[50	95	74	12.32	0.9992	12.02	1.0249584026622296]
[50	95	75	12.29	1.0	12.91	0.951975213013168]
[50	95	76	12.94	0.9992	13.05	0.9915708812260535]
[50	95	77	13.62	1.0	13.77	0.9891067538126361]
[50	95	78	14.49	0.9993	14.36	1.0090529247910864]
[50	95	79	14.83	1.0	15.03	0.9866932801064539]
[50	95	80	15.62	1.0	15.79	0.9892336922102597]
[50	95	81	16.14	1.0	16.28	0.9914004914004914]
[50	95	82	16.89	1.0	16.98	0.9946996466431095]
[50	95	83	17.86	1.0	17.94	0.995540691192865]
[50	95	84	18.63	1.0	19.29	0.9657853810264385]
[50	95	85	19.67	1.0	19.85	0.9909319899244332]
[50	95	86	20.93	1.0	21.13	0.9905347846663511]
[50	95	87	22.78	1.0	22.16	1.0279783393501805]
[50	95	88	23.85	1.0	23.76	1.0037878787878787]
[50	95	89	25.4	1.0	25.76	0.9860248447204968]
[50	95	90	27.47	1.0	27.73	0.990623873061666]
[50	95	91	29.83	1.0	30.08	0.991688829787234]
[50	95	92	32.58	1.0	32.15	1.013374805598756]
[50	95	93	35.78	1.0	35.69	1.002521714766041]
[50	95	94	40.98	1.0	40.95	1.0007326007326005]
[50	100	1	2.9	1.0	2.0	1.45]
[50	100	2	2.89	0.9931	2.09	1.382775119617225]
[50	100	3	2.88	0.9826	2.27	1.2687224669603523]
[50	100	4	2.88	0.9514	2.64	1.0909090909090908]
[50	100	5	2.95	0.8915	2.86	1.0314685314685317]
[50	100	6	3.03	0.8713	3.0	1.01]
[50	100	7	3.05	0.8426	3.01	1.0132890365448506]
[50	100	8	3.05	0.8525	3.05	1.0]
[50	100	9	3.13	0.8435	3.06	1.022875816993464]
[50	100	10	3.28	0.811	3.23	1.0154798761609907]
[50	100	11	3.32	0.8072	3.19	1.0407523510971786]
[50	100	12	3.52	0.8239	3.35	1.0507462686567164]
[50	100	13	3.49	0.7937	3.58	0.9748603351955307]
[50	100	14	3.71	0.8329	3.69	1.005420054200542]
[50	100	15	3.78	0.8201	3.67	1.0299727520435966]
[50	100	16	3.83	0.7911	3.72	1.0295698924731183]
[50	100	17	3.87	0.8269	3.84	1.0078125]
[50	100	18	3.94	0.8071	3.91	1.0076726342710998]
[50	100	19	3.95	0.838	3.96	0.9974747474747475]
[50	100	20	3.97	0.8287	4.03	0.9851116625310173]
[50	100	21	4.15	0.8289	4.08	1.0171568627450982]
[50	100	22	4.19	0.8138	4.14	1.0120772946859906]
[50	100	23	4.29	0.8415	4.25	1.0094117647058825]
[50	100	24	4.33	0.8661	4.37	0.9908466819221968]
[50	100	25	4.35	0.8713	4.44	0.9797297297297296]
[50	100	26	4.49	0.853	4.4	1.0204545454545455]
[50	100	27	4.63	0.8445	4.63	1.0]
[50	100	28	4.59	0.8627	4.6	0.9978260869565218]
[50	100	29	4.81	0.8753	4.66	1.0321888412017166]
[50	100	30	4.71	0.879	4.88	0.9651639344262295]
[50	100	31	4.75	0.8926	4.86	0.9773662551440329]
[50	100	32	4.85	0.8928	5.04	0.9623015873015872]
[50	100	33	5.0	0.902	5.06	0.9881422924901186]
[50	100	34	5.22	0.8812	5.09	1.0255402750491158]
[50	100	35	5.11	0.8963	5.09	1.0039292730844795]
[50	100	36	5.2	0.9019	5.19	1.001926782273603]
[50	100	37	5.37	0.8994	5.33	1.0075046904315197]
[50	100	38	5.42	0.9207	5.26	1.0304182509505704]
[50	100	39	5.53	0.9204	5.53	1.0]
[50	100	40	5.63	0.9307	5.58	1.0089605734767024]
[50	100	41	5.66	0.9205	5.65	1.0017699115044247]
[50	100	42	5.82	0.9244	5.79	1.005181347150259]
[50	100	43	5.94	0.9209	5.92	1.0033783783783785]
[50	100	44	5.94	0.9293	5.83	1.0188679245283019]
[50	100	45	6.06	0.9455	6.0	1.01]
[50	100	46	6.14	0.9283	6.23	0.9855537720706259]
[50	100	47	6.24	0.9471	6.09	1.0246305418719213]
[50	100	48	6.46	0.9598	6.49	0.9953775038520801]
[50	100	49	6.59	0.956	6.47	1.01854714064915]
[50	100	50	6.57	0.9467	6.59	0.9969650986342945]
[50	100	51	6.66	0.9565	6.65	1.0015037593984961]
[50	100	52	6.82	0.9677	6.82	1.0]
[50	100	53	6.99	0.9685	6.97	1.0028694404591105]
[50	100	54	7.06	0.9618	7.06	1.0]
[50	100	55	6.95	0.9683	7.22	0.9626038781163435]
[50	100	56	7.27	0.967	7.39	0.9837618403247632]
[50	100	57	7.69	0.9714	7.58	1.0145118733509235]
[50	100	58	7.72	0.9754	7.56	1.0211640211640212]
[50	100	59	7.87	0.9809	7.77	1.012870012870013]
[50	100	60	7.96	0.9837	7.72	1.0310880829015545]
[50	100	61	8.15	0.9853	8.22	0.9914841849148418]
[50	100	62	8.01	0.9875	8.16	0.9816176470588235]
[50	100	63	8.54	0.9836	8.36	1.0215311004784688]
[50	100	64	8.72	0.9908	8.68	1.0046082949308757]
[50	100	65	8.69	0.9885	8.99	0.9666295884315905]
[50	100	66	9.02	0.9845	9.23	0.9772481040086674]
[50	100	67	9.23	0.987	9.2	1.0032608695652174]
[50	100	68	9.47	0.9947	9.45	1.0021164021164022]
[50	100	69	9.55	0.9927	9.62	0.9927234927234929]
[50	100	70	9.81	0.9959	9.82	0.9989816700610998]
[50	100	71	10.15	0.997	10.32	0.9835271317829457]
[50	100	72	10.36	0.9961	10.54	0.9829222011385199]
[50	100	73	10.8	0.9963	10.53	1.0256410256410258]
[50	100	74	11.15	0.9964	10.91	1.0219981668194318]
[50	100	75	11.36	0.9974	11.35	1.0008810572687223]
[50	100	76	11.55	0.9983	11.5	1.0043478260869565]
[50	100	77	12.13	0.9984	11.9	1.019327731092437]
[50	100	78	12.53	1.0	12.67	0.9889502762430938]
[50	100	79	12.93	0.9992	12.79	1.0109460516028148]
[50	100	80	12.94	1.0	13.29	0.9736644093303236]
[50	100	81	13.68	0.9993	13.74	0.9956331877729258]
[50	100	82	13.81	1.0	14.06	0.9822190611664295]
[50	100	83	14.85	1.0	14.77	1.005416384563304]
[50	100	84	15.41	1.0	15.18	1.0151515151515151]
[50	100	85	16.4	1.0	15.93	1.0295040803515378]
[50	100	86	17.08	0.9994	16.56	1.0314009661835748]
[50	100	87	17.87	1.0	17.64	1.0130385487528344]
[50	100	88	18.27	1.0	18.3	0.9983606557377048]
[50	100	89	19.67	1.0	19.48	1.0097535934291582]
[50	100	90	20.5	1.0	20.57	0.9965969859017987]
[50	100	91	21.77	1.0	21.5	1.0125581395348837]
[50	100	92	23.0	1.0	22.7	1.013215859030837]
[50	100	93	24.3	1.0	24.67	0.9850020267531414]
[50	100	94	25.98	1.0	25.7	1.0108949416342412]
[50	100	95	28.11	1.0	28.09	1.0007119971520113]
[50	100	96	30.18	1.0	29.99	1.0063354451483828]
[50	100	97	33.28	1.0	33.15	1.003921568627451]
[50	100	98	36.26	1.0	36.35	0.9975240715268224]
[50	100	99	41.8	1.0	41.27	1.0128422582990064]
 (: 123  22 )
