run:
[100	2	1	40763	20213	2.0167272727272727]
[100	3	1	17862	5989	2.9825649350649357]
[100	3	2	48859	47911	1.0197822356215216]
[100	4	1	10463	2527	4.141239332096475]
[100	4	2	22231	20213	1.0998763141620285]
[100	4	3	68611	68217	1.005765592432259]
[100	5	1	6414	1294	4.958333333333332]
[100	5	2	12574	10349	1.2150345933828073]
[100	5	3	35532	34927	1.0173160173160174]
[100	5	4	83028	82790	1.0028680861549164]
[100	6	1	4525	749	6.044927643784788]
[100	6	2	7876	5989	1.3151688311688314]
[100	6	3	21281	20213	1.0528509585652444]
[100	6	4	48891	47911	1.0204574443413732]
[100	6	5	93736	93576	1.0017062115027828]
[100	7	1	3412	471	7.238318181818183]
[100	7	2	5418	3771	1.4364583333333336]
[100	7	3	13632	12729	1.0709882154882155]
[100	7	4	30745	30171	1.01899384469697]
[100	7	5	59111	58929	1.003094909090909]
[100	7	6	101570	101829	0.9974651374859709]
[100	8	1	2588	316	8.194533085961657]
[100	8	2	3894	2527	1.5412244897959184]
[100	8	3	9480	8527	1.1117432831718546]
[100	8	4	21081	20213	1.0429758812615957]
[100	8	5	39430	39478	0.9987995943104515]
[100	8	6	67621	68217	0.9912641150736389]
[100	8	7	107531	108326	0.9926599847466153]
[100	9	1	2065	222	9.309064007421151]
[100	9	2	3060	1774	1.7245561224489798]
[100	9	3	6712	5989	1.1207337662337664]
[100	9	4	14824	14196	1.0442181122448981]
[100	9	5	27695	27726	0.998873365491651]
[100	9	6	48120	47911	1.004365143784787]
[100	9	7	76626	76081	1.0071638062062884]
[100	9	8	113912	113567	1.003038044266002]
[100	10	1	1621	162	10.022572665429806]
[100	10	2	2301	1294	1.7788342609771175]
[100	10	3	4882	4366	1.118154332440047]
[100	10	4	10859	10349	1.0492907390228816]
[100	10	5	20559	20213	1.0171502782931354]
[100	10	6	34749	34927	0.9949079800270277]
[100	10	7	55721	55463	1.0046517414280849]
[100	10	8	83291	82790	1.006042367230983]
[100	10	9	118356	117879	1.0040435428442482]
[100	11	1	1308	121	10.763649659863946]
[100	11	2	1857	972	1.9105858843537415]
[100	11	3	3824	3280	1.165840639959688]
[100	11	4	8086	7775	1.0400045174319728]
[100	11	5	15463	15186	1.0182438095238098]
[100	11	6	26683	26241	1.0168237591332832]
[100	11	7	41529	41670	0.9966079411356381]
[100	11	8	62100	62202	0.998361733365221]
[100	11	9	88817	88564	1.0028469341097206]
[100	11	10	121854	121488	1.0030175646258506]
[100	12	1	1113	94	11.89883487940631]
[100	12	2	1511	749	2.019005565862709]
[100	12	3	3077	2527	1.217761286332715]
[100	12	4	6259	5989	1.0451771799628944]
[100	12	5	12093	11697	1.0338548126159552]
[100	12	6	20732	20213	1.0256994434137292]
[100	12	7	32046	32097	0.9984343752873531]
[100	12	8	47640	47911	0.9943403293135438]
[100	12	9	68302	68217	1.0012381410476647]
[100	12	10	93420	93576	0.998325551020408]
[100	12	11	125123	124550	1.0045955487037381]
[100	13	1	1006	74	13.671807359307357]
[100	13	2	1277	589	2.1685524505256644]
[100	13	3	2391	1987	1.2033203348679538]
[100	13	4	5023	4710	1.0663903592687072]
[100	13	5	9492	9200	1.0316796784168212]
[100	13	6	16044	15898	1.0091724930713024]
[100	13	7	25016	25245	0.9909377865644007]
[100	13	8	37604	37683	0.9978959843170221]
[100	13	9	54178	53655	1.0097509609405553]
[100	13	10	73750	73600	1.0020283305504019]
[100	13	11	98640	97962	1.0069176288096005]
[100	13	12	127185	127181	1.0000296488123868]
[100	14	1	779	59	13.212606060606063]
[100	14	2	1058	471	2.2440303030303035]
[100	14	3	1989	1591	1.2503838383838386]
[100	14	4	4035	3771	1.0697803030303032]
[100	14	5	7525	7366	1.0216096969696968]
[100	14	6	12753	12729	1.0019309764309765]
[100	14	7	20248	20213	1.0017489177489176]
[100	14	8	29682	30171	0.9837651515151516]
[100	14	9	43060	42959	1.0023527455626218]
[100	14	10	59682	58929	1.0127820606060605]
[100	14	11	78399	78434	0.9995489379140771]
[100	14	12	102376	101829	1.0053740179573514]
[100	14	13	129213	129466	0.9980429511317085]
[100	15	1	734	48	15.311688311688313]
[100	15	2	880	383	2.296570616883117]
[100	15	3	1727	1294	1.3346474953617806]
[100	15	4	3380	3066	1.1022527974257885]
[100	15	5	6257	5989	1.0447346938775512]
[100	15	6	10431	10349	1.0078946351267777]
[100	15	7	16726	16434	1.0177952774006502]
[100	15	8	24292	24530	0.9902717434630102]
[100	15	9	34771	34927	0.9955235461187842]
[100	15	10	48157	47911	1.0051384508348797]
[100	15	11	63739	63770	0.9995234587243821]
[100	15	12	82568	82790	0.9973191336193565]
[100	15	13	105464	105261	1.0019303393141092]
[100	15	14	130958	131468	0.9961208161372156]
[100	16	1	632	39	16.019235621521336]
[100	16	2	779	316	2.465800865800866]
[100	16	3	1429	1066	1.3401901097139193]
[100	16	4	2842	2527	1.1248286951144093]
[100	16	5	5223	4935	1.0584449029066172]
[100	16	6	8611	8527	1.0098276185895234]
[100	16	7	13648	13541	1.007924504760823]
[100	16	8	20284	20213	1.0035497835497835]
[100	16	9	28485	28779	0.9897798850179803]
[100	16	10	39600	39478	1.0030919084724799]
[100	16	11	52747	52545	1.0038442673565566]
[100	16	12	67988	68217	0.9966373943516801]
[100	16	13	86935	86732	1.002338771400479]
[100	16	14	108513	108326	1.0017247214814895]
[100	16	15	132994	133237	0.9981803486108248]
[100	17	1	563	33	17.092196351267777]
[100	17	2	723	263	2.7466617192331477]
[100	17	3	1211	889	1.3623028012551819]
[100	17	4	2368	2106	1.1242342397186145]
[100	17	5	4464	4114	1.0849313790970934]
[100	17	6	7214	7109	1.014743132859204]
[100	17	7	11550	11289	1.023119797667278]
[100	17	8	17159	16851	1.0182809425972092]
[100	17	9	24168	23993	1.0072751763880512]
[100	17	10	33037	32913	1.0037757288188003]
[100	17	11	43774	43807	0.9992426300757307]
[100	17	12	57075	56873	1.0035515525865226]
[100	17	13	72818	72309	1.0070356318800953]
[100	17	14	91053	90312	1.0081988115747227]
[100	17	15	111198	111080	1.0010609696969697]
[100	17	16	134723	134810	0.9993506439152364]
[100	18	1	516	28	18.605053803339523]
[100	18	2	609	222	2.745809833024119]
[100	18	3	1075	749	1.4365269016697593]
[100	18	4	2014	1774	1.1347232142857144]
[100	18	5	3710	3466	1.0705056178107606]
[100	18	6	6146	5989	1.0262087198515772]
[100	18	7	9454	9510	0.9940764508294703]
[100	18	8	14264	14196	1.004766538149351]
[100	18	9	20529	20213	1.0156338899196042]
[100	18	10	27488	27726	0.9914165565862706]
[100	18	11	37343	36904	1.011897023873411]
[100	18	12	47678	47911	0.9951439007421151]
[100	18	13	61305	60915	1.0064005276211532]
[100	18	14	76016	76081	0.9991388139141159]
[100	18	15	93779	93576	1.0021678664192948]
[100	18	16	113554	113567	0.9998826403785949]
[100	18	17	136316	136219	1.0007088127481254]
[100	19	1	442	24	18.733935374149663]
[100	19	2	551	189	2.9204833024118746]
[100	19	3	914	637	1.4364011314963696]
[100	19	4	1703	1509	1.128519180967842]
[100	19	5	3266	2947	1.108349924551639]
[100	19	6	5121	5092	1.0056614615543187]
[100	19	7	8251	8086	1.0203830835276069]
[100	19	8	12211	12070	1.0116665440679116]
[100	19	9	17430	17186	1.0141930771560403]
[100	19	10	23731	23575	1.0066017285095856]
[100	19	11	31313	31378	0.9979334182686118]
[100	19	12	40859	40737	1.0029845580593348]
[100	19	13	51834	51794	1.0007688400638528]
[100	19	14	64963	64689	1.0042289761120458]
[100	19	15	79847	79565	1.003547785427976]
[100	19	16	96576	96563	1.0001336167146193]
[100	19	17	116025	115823	1.0017396114784385]
[100	19	18	138159	137489	1.0048752146263171]
[100	20	1	407	20	20.15089672232529]
[100	20	2	469	162	2.9007421150278287]
[100	20	3	821	546	1.5045695045695047]
[100	20	4	1579	1294	1.220701917130488]
[100	20	5	2751	2527	1.0886530612244898]
[100	20	6	4514	4366	1.0340250578345818]
[100	20	7	7104	6933	1.0247389705948642]
[100	20	8	10639	10349	1.0280080782312921]
[100	20	9	14686	14735	0.9966533564417162]
[100	20	10	20230	20213	1.0008559059987632]
[100	20	11	26922	26903	1.0007160025406239]
[100	20	12	34931	34927	1.0000944822373394]
[100	20	13	44120	44407	0.9935468870380113]
[100	20	14	54538	55463	0.9833267523813133]
[100	20	15	68786	68217	1.0083323942371563]
[100	20	16	83127	82790	1.0040632730364871]
[100	20	17	100022	99304	1.0072301962622106]
[100	20	18	117689	117879	0.9983843643455635]
[100	20	19	138703	138638	1.0004721845265032]
[100	25	1	274	10	26.500657081014218]
[100	25	2	310	83	3.7395640074211496]
[100	25	3	467	279	1.6695440802583663]
[100	25	4	858	662	1.295591034709338]
[100	25	5	1397	1294	1.0795841063698204]
[100	25	6	2416	2235	1.0807747972926547]
[100	25	7	3665	3550	1.0324713638437084]
[100	25	8	5524	5299	1.0426178639069261]
[100	25	9	7505	7544	0.9947277639076582]
[100	25	10	10269	10349	0.9923034554730981]
[100	25	11	13829	13774	1.0039600841361065]
[100	25	12	17807	17883	0.995773776419238]
[100	25	13	22854	22736	1.0051629477876307]
[100	25	14	28646	28397	1.00877352746691]
[100	25	15	35369	34927	1.0126405781167687]
[100	25	16	42409	42389	1.0004721826141676]
[100	25	17	50602	50844	0.9952530084068858]
[100	25	18	59752	60354	0.990017238501586]
[100	25	19	71430	70982	1.0063048118822076]
[100	25	20	82736	82790	0.9993423150510201]
[100	25	21	95252	95840	0.993862319004621]
[100	25	22	110314	110194	1.001088331266869]
[100	25	23	125761	125914	0.9987821069684776]
[100	25	24	143108	143062	1.000321111550418]
[100	30	1	170	6	28.377551020408163]
[100	30	2	190	48	3.9604591836734695]
[100	30	3	300	162	1.8580705009276433]
[100	30	4	502	383	1.3091952690166977]
[100	30	5	858	749	1.1458552875695733]
[100	30	6	1354	1294	1.0463821892393317]
[100	30	7	2179	2054	1.0609783802203627]
[100	30	8	3175	3066	1.0355113636363635]
[100	30	9	4384	4366	1.0042373851897661]
[100	30	10	5888	5989	0.9830871985157702]
[100	30	11	8105	7971	1.016840463389782]
[100	30	12	10317	10349	0.9969416743970312]
[100	30	13	13215	13158	1.0043329451613474]
[100	30	14	16268	16434	0.989937566598333]
[100	30	15	20239	20213	1.0012987012987014]
[100	30	16	24392	24530	0.9943421882247218]
[100	30	17	29812	29423	1.013215289261348]
[100	30	18	35185	34927	1.0073810669048766]
[100	30	19	40711	41078	0.9910586986587238]
[100	30	20	47917	47911	1.0001197820037107]
[100	30	21	55541	55463	1.0014045374311933]
[100	30	22	63695	63770	0.9988256350282757]
[100	30	23	72385	72867	0.9933816081181905]
[100	30	24	83257	82790	1.0056413545531846]
[100	30	25	93811	93576	1.0025060927643783]
[100	30	26	104538	105261	0.9931312347838128]
[100	30	27	118108	117879	1.0019358784790882]
[100	30	28	131553	131468	1.000642065400239]
[100	30	29	146236	146063	1.0011863981686442]
[100	35	1	140	4	37.015151515151516]
[100	35	2	152	30	5.021306818181819]
[100	35	3	214	102	2.103044332210999]
[100	35	4	333	241	1.3792021780303032]
[100	35	5	567	471	1.2034696969696972]
[100	35	6	903	815	1.1086647727272727]
[100	35	7	1370	1294	1.0586734693877549]
[100	35	8	1999	1931	1.0350489760890154]
[100	35	9	2793	2749	1.0159958639896913]
[100	35	10	3796	3771	1.0063958333333336]
[100	35	11	4997	5020	0.9954038886232726]
[100	35	12	6464	6517	0.9918093697390572]
[100	35	13	8212	8286	0.9911320188687052]
[100	35	14	10310	10349	0.9962845933828074]
[100	35	15	12501	12729	0.9821094276094278]
[100	35	16	15246	15448	0.9869676069779831]
[100	35	17	18554	18529	1.001342295332729]
[100	35	18	22088	21995	1.0042181719457957]
[100	35	19	25479	25868	0.9849476136197963]
[100	35	20	30029	30171	0.9952694128787881]
[100	35	21	35451	34927	1.014992613206899]
[100	35	22	40201	40158	1.001064006898436]
[100	35	23	45679	45887	0.9954688352249379]
[100	35	24	52312	52136	1.0033761826160916]
[100	35	25	58443	58929	0.9917591515151514]
[100	35	26	66002	66287	0.9957038308092302]
[100	35	27	73883	74233	0.9952827120465438]
[100	35	28	82537	82790	0.9969410704622754]
[100	35	29	92831	91981	1.0092320712144196]
[100	35	30	102258	101829	1.0042122615039282]
[100	35	31	111700	112355	0.9941713253850311]
[100	35	32	123338	123582	0.9980266455448037]
[100	35	33	135023	135534	0.9962306194932041]
[100	35	34	148025	148232	0.9986020005674494]
[100	40	1	104	3	41.301175015460714]
[100	40	2	114	20	5.652442795299937]
[100	40	3	156	68	2.2809500904739]
[100	40	4	236	162	1.4588744588744584]
[100	40	5	404	316	1.2803166357452072]
[100	40	6	610	546	1.1172954030096889]
[100	40	7	919	867	1.0599912374173102]
[100	40	8	1357	1294	1.0493197278911561]
[100	40	9	1939	1842	1.0525749643915427]
[100	40	10	2560	2527	1.0132145949288807]
[100	40	11	3421	3363	1.0174242772718673]
[100	40	12	4446	4366	1.0182780182780182]
[100	40	13	5449	5551	0.9816050390860196]
[100	40	14	6861	6933	0.9895588237945592]
[100	40	15	8637	8527	1.0128767035433703]
[100	40	16	10256	10349	0.9909941249226961]
[100	40	17	12342	12413	0.9943002051402506]
[100	40	18	14696	14735	0.9973591631439954]
[100	40	19	17056	17330	0.9841894371500939]
[100	40	20	20375	20213	1.0080494743351887]
[100	40	21	23080	23398	0.9863711188159333]
[100	40	22	26852	26903	0.9981047538201124]
[100	40	23	30612	30741	0.9958252090483303]
[100	40	24	35222	34927	1.0084404132023181]
[100	40	25	39241	39478	0.9940196611008039]
[100	40	26	44470	44407	1.0014319295807037]
[100	40	27	49900	49730	1.0034027587100942]
[100	40	28	56159	55463	1.0125533913538913]
[100	40	29	61845	61620	1.003648425401792]
[100	40	30	67651	68217	0.9916994892232988]
[100	40	31	74657	75269	0.991872153574873]
[100	40	32	83042	82790	1.0030389996907851]
[100	40	33	91751	90797	1.0105055523108546]
[100	40	34	98478	99304	0.9916799686216106]
[100	40	35	107880	108326	0.9958752684217075]
[100	40	36	117383	117879	0.9957889128964965]
[100	40	37	127371	127978	0.9952591816308815]
[100	40	38	138413	138638	0.9983822022228289]
[100	40	39	149901	149873	1.0001857508197323]
[100	45	1	79	2	44.66083024118738]
[100	45	2	91	14	6.41030844155844]
[100	45	3	115	48	2.397147495361781]
[100	45	4	170	114	1.493390538033395]
[100	45	5	278	222	1.2537717996289428]
[100	45	6	427	383	1.114694457328386]
[100	45	7	664	609	1.0903665004300156]
[100	45	8	954	909	1.0500952556093457]
[100	45	9	1390	1294	1.0746753246753245]
[100	45	10	1848	1774	1.041569457328386]
[100	45	11	2379	2362	1.0071595317315507]
[100	45	12	3160	3066	1.0306847170686457]
[100	45	13	3906	3899	1.0019635900870054]
[100	45	14	4864	4869	0.998913889369689]
[100	45	15	5834	5989	0.9741706864564009]
[100	45	16	7139	7268	0.9822044867973821]
[100	45	17	8763	8718	1.0050988781797716]
[100	45	18	10240	10349	0.9894673778602346]
[100	45	19	12013	12171	0.9869653977642959]
[100	45	20	14084	14196	0.9921290729359927]
[100	45	21	16410	16434	0.9985419359898743]
[100	45	22	18723	18895	0.9909169011331054]
[100	45	23	21593	21590	1.0001243040384338]
[100	45	24	24524	24530	0.9997232468981911]
[100	45	25	27794	27726	1.002438567717996]
[100	45	26	31303	31188	1.0036741642233509]
[100	45	27	34761	34927	0.9952486887010698]
[100	45	28	38930	38954	0.9993849637613793]
[100	45	29	43722	43278	1.0102562851299108]
[100	45	30	48111	47911	1.004173121521336]
[100	45	31	53477	52864	1.0115939592519287]
[100	45	32	58767	58146	1.0106654335262601]
[100	45	33	63360	63770	0.9935692192319865]
[100	45	34	70044	69744	1.0042959461230232]
[100	45	35	76405	76081	1.0042544096886037]
[100	45	36	82696	82790	0.9988555436379094]
[100	45	37	90088	89883	1.0022805316554666]
[100	45	38	97691	97370	1.0033052043399502]
[100	45	39	104697	105261	0.9946484200499414]
[100	45	40	114056	113567	1.0043068979012062]
[100	45	41	122337	122299	1.0003109435828212]
[100	45	42	131031	131468	0.9966757036435036]
[100	45	43	140296	141084	0.9944148437076507]
[100	45	44	151046	151158	0.9992575237003055]
[100	50	1	65	1	50.363327149041424]
[100	50	2	69	10	6.672271181199751]
[100	50	3	93	35	2.6741336265145796]
[100	50	4	133	83	1.6094861239950522]
[100	50	5	210	162	1.296846011131725]
[100	50	6	320	279	1.1448813532146866]
[100	50	7	464	444	1.0464164462498486]
[100	50	8	707	662	1.0675301725803954]
[100	50	9	993	943	1.052877816546247]
[100	50	10	1279	1294	0.9884044526901666]
[100	50	11	1787	1722	1.0377622806516227]
[100	50	12	2247	2235	1.005327688735427]
[100	50	13	2831	2842	0.9960453747435996]
[100	50	14	3606	3550	1.0159344681418814]
[100	50	15	4291	4366	0.9829130305320782]
[100	50	16	5266	5299	0.9938878783047307]
[100	50	17	6492	6355	1.0214135984686419]
[100	50	18	7603	7544	1.0077972765362537]
[100	50	19	8984	8873	1.0125774918643515]
[100	50	20	10520	10349	1.0165139919604202]
[100	50	21	11962	11980	0.9985242440469431]
[100	50	22	13631	13774	0.9896253682813198]
[100	50	23	15737	15739	0.99987094668258]
[100	50	24	18294	17883	1.023012352299927]
[100	50	25	20447	20213	1.0115992578849722]
[100	50	26	22547	22736	0.99166911561248]
[100	50	27	25521	25462	1.0023180176358044]
[100	50	28	28149	28397	0.9912717447501128]
[100	50	29	31688	31550	1.004372149077315]
[100	50	30	34859	34927	0.9980430724478344]
[100	50	31	38645	38538	1.002774233364009]
[100	50	32	42626	42389	1.0055938324370939]
[100	50	33	46637	46488	1.003200750079216]
[100	50	34	50325	50844	0.9897921499521481]
[100	50	35	56058	55463	1.010725148792621]
[100	50	36	60255	60354	0.9983497155565058]
[100	50	37	65849	65525	1.0049474335188622]
[100	50	38	70256	70982	0.9897662096025038]
[100	50	39	76677	76735	0.9992492558003968]
[100	50	40	82983	82790	1.0023275645485465]
[100	50	41	89033	89156	0.9986169712004884]
[100	50	42	95938	95840	1.0010221510638004]
[100	50	43	102643	102850	0.9979819670880117]
[100	50	44	110619	110194	1.003858445229058]
[100	50	45	117371	117879	0.9956900829916702]
[100	50	46	125898	125914	0.9998733292640113]
[100	50	47	134390	134305	1.0006259404273334]
[100	50	48	143420	143062	1.0025033850543061]
[100	50	49	152251	152191	1.0003929516177208]
[100	55	1	52	1	53.40051020408164]
[100	55	2	54	8	6.906568877551022]
[100	55	3	69	26	2.6180083144368864]
[100	55	4	111	62	1.778087797619048]
[100	55	5	165	121	1.3581632653061224]
[100	55	6	245	210	1.168957860922147]
[100	55	7	361	333	1.0832068979195182]
[100	55	8	528	498	1.0612660103103744]
[100	55	9	732	709	1.0335691889924694]
[100	55	10	1003	972	1.0323584183673469]
[100	55	11	1335	1294	1.0318104514533084]
[100	55	12	1651	1679	0.9828546725403127]
[100	55	13	2143	2135	1.0038093070637448]
[100	55	14	2688	2667	1.0078758726522683]
[100	55	15	3327	3280	1.014247669438146]
[100	55	16	4079	3981	1.024578379935959]
[100	55	17	4900	4775	1.0262623215376119]
[100	55	18	5644	5668	0.99577891856331]
[100	55	19	6541	6666	0.9811712080954265]
[100	55	20	7812	7775	1.0046678358843537]
[100	55	21	9173	9001	1.0190901865551316]
[100	55	22	10350	10349	1.0000917980828692]
[100	55	23	12061	11825	1.019939137815067]
[100	55	24	13686	13436	1.0186514764325871]
[100	55	25	14950	15186	0.9844329523809525]
[100	55	26	17053	17082	0.9982742826875858]
[100	55	27	19029	19130	0.9947347429547444]
[100	55	28	21602	21335	1.0125231294686245]
[100	55	29	24318	23704	1.025897265913623]
[100	55	30	26289	26241	1.001818798815823]
[100	55	31	28822	28954	0.9954532020924918]
[100	55	32	31753	31847	0.9970532371884303]
[100	55	33	34675	34927	0.9927892874321446]
[100	55	34	38487	38200	1.0075356807948093]
[100	55	35	41272	41670	0.990434471747883]
[100	55	36	45424	45345	1.0017365758674868]
[100	55	37	49567	49230	1.0068608480053225]
[100	55	38	53423	53330	1.0017458766747696]
[100	55	39	57862	57652	1.00364539306847]
[100	55	40	62079	62202	0.9980201025722789]
[100	55	41	66668	66984	0.9952738702015823]
[100	55	42	71914	72006	0.9987231871071502]
[100	55	43	76518	77273	0.9902298370767678]
[100	55	44	82779	82790	0.9998574713976498]
[100	55	45	88341	88564	0.9974723178709068]
[100	55	46	95158	94601	1.0058864231564248]
[100	55	47	100937	100906	1.0003105920522377]
[100	55	48	107371	107484	0.9989472319780055]
[100	55	49	113692	114343	0.9943021486489011]
[100	55	50	121003	121488	0.9960069727891159]
[100	55	51	128533	128924	0.9969709465229128]
[100	55	52	136834	136657	1.0012935199398374]
[100	55	53	144929	144694	1.001626682397134]
[100	55	54	153323	153039	1.0018551319450708]
[100	60	1	44	1	58.508348794063075]
[100	60	2	44	6	7.280148423005566]
[100	60	3	56	20	2.7581941867656146]
[100	60	4	94	48	1.9598794063079779]
[100	60	5	130	94	1.3860333951762525]
[100	60	6	195	162	1.2028447742733455]
[100	60	7	282	257	1.0962964565630122]
[100	60	8	437	383	1.1403930890538034]
[100	60	9	543	546	0.9953503286836621]
[100	60	10	799	749	1.0673766233766235]
[100	60	11	1024	996	1.0272466612490228]
[100	60	12	1340	1294	1.036216759431045]
[100	60	13	1661	1645	1.0098810741245228]
[100	60	14	2142	2054	1.0428447021533236]
[100	60	15	2520	2527	0.9974817563388991]
[100	60	16	3046	3066	0.9934738810296847]
[100	60	17	3700	3678	1.0059064833860567]
[100	60	18	4327	4366	0.9911358482787055]
[100	60	19	5119	5135	0.9969183129785467]
[100	60	20	5933	5989	0.9907012987012989]
[100	60	21	6948	6933	1.0022014636758496]
[100	60	22	8018	7971	1.0058320985658113]
[100	60	23	9078	9108	0.9966183354622808]
[100	60	24	10439	10349	1.0087159863945576]
[100	60	25	11931	11697	1.0199923413729126]
[100	60	26	13249	13158	1.0069322055797116]
[100	60	27	14829	14735	1.0064124914213095]
[100	60	28	16307	16434	0.9923168512037733]
[100	60	29	18681	18258	1.0231529451786827]
[100	60	30	20073	20213	0.9931032776747062]
[100	60	31	22327	22302	1.0011445849498566]
[100	60	32	24967	24530	1.017794635609926]
[100	60	33	26770	26903	0.9950697579762726]
[100	60	34	28907	29423	0.982448972039272]
[100	60	35	32358	32097	1.0081518847666284]
[100	60	36	35176	34927	1.0071176618795668]
[100	60	37	37706	37919	0.9943657173126023]
[100	60	38	41408	41078	1.0080277230111652]
[100	60	39	44844	44407	1.0098337841364047]
[100	60	40	47381	47911	0.9889365723562155]
[100	60	41	52153	51595	1.0108173917172625]
[100	60	42	55782	55463	1.0057569807673934]
[100	60	43	58805	59520	0.987983438664331]
[100	60	44	63891	63770	1.0019054681499677]
[100	60	45	67909	68217	0.995474930713026]
[100	60	46	72812	72867	0.999249162818067]
[100	60	47	78336	77723	1.0078921066549738]
[100	60	48	82595	82790	0.9976392190398884]
[100	60	49	88513	88073	1.0049941485798508]
[100	60	50	93597	93576	1.0002191910946194]
[100	60	51	99500	99304	1.0019710935648247]
[100	60	52	105431	105261	1.0016173070378478]
[100	60	53	111784	111451	1.0029898671317907]
[100	60	54	117819	117879	0.9994880356432383]
[100	60	55	124316	124550	0.9981226552775336]
[100	60	56	130954	131468	0.9960896298620163]
[100	60	57	138670	138638	1.0002319898389715]
[100	60	58	146168	146063	1.0007184494424057]
[100	60	59	153604	153749	0.9990575458209165]
[100	65	1	41	1	69.88756184291897]
[100	65	2	39	5	8.353813968769325]
[100	65	3	52	16	3.2740629079914787]
[100	65	4	74	38	1.9517884923855904]
[100	65	5	108	74	1.4653460111317251]
[100	65	6	159	127	1.2533276357681118]
[100	65	7	228	202	1.1309203776925556]
[100	65	8	330	301	1.0951444098591139]
[100	65	9	468	429	1.0913543026638264]
[100	65	10	605	589	1.0282727659245516]
[100	65	11	779	784	0.994198422145991]
[100	65	12	1075	1017	1.0568563415475616]
[100	65	13	1286	1294	0.9942022263450832]
[100	65	14	1624	1616	1.0050906312034487]
[100	65	15	1999	1987	1.0058072218786502]
[100	65	16	2451	2412	1.016134956845842]
[100	65	17	2976	2893	1.0286440858192913]
[100	65	18	3419	3434	0.9956176373311513]
[100	65	19	4073	4039	1.0084932467334107]
[100	65	20	4630	4710	0.9829265228818799]
[100	65	21	5349	5453	0.9809085613611503]
[100	65	22	6203	6270	0.9893416323824112]
[100	65	23	7167	7164	1.000437600789548]
[100	65	24	8137	8140	0.9996238800589153]
[100	65	25	9371	9200	1.018576482374768]
[100	65	26	10558	10349	1.0202149041434754]
[100	65	27	11564	11589	0.9977947330525878]
[100	65	28	12862	12925	0.9950754684618014]
[100	65	29	14227	14360	0.9907129994226488]
[100	65	30	16049	15898	1.009534181096681]
[100	65	31	17351	17541	0.9891780808069044]
[100	65	32	19506	19294	1.0109856593144402]
[100	65	33	21356	21160	1.0092788976169715]
[100	65	34	23312	23142	1.0073281494887982]
[100	65	35	25550	25245	1.012084611209976]
[100	65	36	27482	27471	1.0003826295334506]
[100	65	37	29922	29825	1.0032595888603923]
[100	65	38	31724	32309	0.9819014149633264]
[100	65	39	35118	34927	1.0054542018827732]
[100	65	40	37159	37683	0.9860963547706012]
[100	65	41	40331	40581	0.9938533728941018]
[100	65	42	43550	43623	0.9983258868575747]
[100	65	43	47003	46814	1.0040414615325137]
[100	65	44	49991	50157	0.9967035766361133]
[100	65	45	53505	53655	0.997207783300376]
[100	65	46	56539	57312	0.9865198542067288]
[100	65	47	61054	61131	0.9987275771617187]
[100	65	48	65717	65117	1.0092197004842616]
[100	65	49	69045	69272	0.9967212773325358]
[100	65	50	73210	73600	0.9946914103277672]
[100	65	51	78872	78105	1.0098130962449874]
[100	65	52	83520	82790	1.0088089923469385]
[100	65	53	87734	87659	1.0008543165148236]
[100	65	54	93572	92715	1.0092426864770745]
[100	65	55	97574	97962	0.9960419925500423]
[100	65	56	103646	103403	1.0023455520761633]
[100	65	57	108889	109042	0.9985966175483424]
[100	65	58	114793	114883	0.9992238681891931]
[100	65	59	121602	120928	1.0055752008828915]
[100	65	60	127148	127181	0.9997359738613458]
[100	65	61	134122	133647	1.0035535831480362]
[100	65	62	139953	140328	0.9973286152794689]
[100	65	63	147276	147228	1.0003246520142774]
[100	65	64	154313	154351	0.9997499154243633]
[100	70	1	30	0	62.787878787878796]
[100	70	2	31	4	8.206439393939394]
[100	70	3	42	13	3.2760942760942764]
[100	70	4	60	30	1.9919507575757578]
[100	70	5	87	59	1.4695757575757578]
[100	70	6	124	102	1.222152076318743]
[100	70	7	191	162	1.178107606679035]
[100	70	8	267	241	1.1043146306818183]
[100	70	9	381	344	1.1096354491416225]
[100	70	10	492	471	1.043636363636364]
[100	70	11	646	627	1.0302461125150832]
[100	70	12	814	815	0.9991056397306398]
[100	70	13	1072	1036	1.0349719314216355]
[100	70	14	1275	1294	0.9859693877551018]
[100	70	15	1546	1591	0.9718294051627385]
[100	70	16	1909	1931	0.9885697798295456]
[100	70	17	2287	2316	0.9872940683036348]
[100	70	18	2780	2749	1.011122022696097]
[100	70	19	3213	3234	0.9936822666083494]
[100	70	20	3865	3771	1.0248901515151518]
[100	70	21	4512	4366	1.0335555097459859]
[100	70	22	5060	5020	1.0080737882202948]
[100	70	23	5688	5736	0.9916976122696514]
[100	70	24	6531	6517	1.002105473134119]
[100	70	25	7284	7366	0.9888174545454544]
[100	70	26	8179	8286	0.9871613839809105]
[100	70	27	9302	9279	1.002470213489875]
[100	70	28	10312	10349	0.9964198747680888]
[100	70	29	11352	11498	0.9873477486745762]
[100	70	30	12736	12729	1.000544332210999]
[100	70	31	14205	14044	1.0114616678008308]
[100	70	32	15236	15448	0.9863105542732008]
[100	70	33	17057	16942	1.0067980919471027]
[100	70	34	18405	18529	0.9932954622553646]
[100	70	35	19888	20213	0.9839505256648113]
[100	70	36	22038	21995	1.0019608378018874]
[100	70	37	23555	23879	0.986407816941053]
[100	70	38	25555	25868	0.9878991106575306]
[100	70	39	27964	27965	0.9999902938758954]
[100	70	40	30568	30171	1.0131439393939397]
[100	70	41	32443	32491	0.9985187256555923]
[100	70	42	34716	34927	0.9939502737121786]
[100	70	43	37634	37482	1.0040533880950446]
[100	70	44	39913	40158	0.993882405004212]
[100	70	45	42851	42959	0.997498108658602]
[100	70	46	46050	45887	1.0035462913842959]
[100	70	47	48785	48945	0.9967202339412738]
[100	70	48	51625	52136	0.9901905338103256]
[100	70	49	55331	55463	0.9976263497712896]
[100	70	50	58788	58929	0.9976179393939393]
[100	70	51	62496	62535	0.9993728130983034]
[100	70	52	66966	66287	1.0102414535661577]
[100	70	53	69866	70185	0.9954631044826308]
[100	70	54	74334	74233	1.0013649103441056]
[100	70	55	78756	78434	1.0041024520183048]
[100	70	56	82587	82790	0.9975419855442174]
[100	70	57	87120	87305	0.9978738806313283]
[100	70	58	91954	91981	0.9997035113942324]
[100	70	59	96321	96822	0.9948304000276208]
[100	70	60	102177	101829	1.0034172979797982]
[100	70	61	107391	107005	1.0036037591185378]
[100	70	62	112500	112355	1.0012947524318412]
[100	70	63	117208	117879	0.9943034951853292]
[100	70	64	124278	123582	1.0056308977531665]
[100	70	65	129366	129466	0.9992274313457745]
[100	70	66	135617	135534	1.0006140269883068]
[100	70	67	141700	141788	0.9993742682121901]
[100	70	68	148098	148232	0.9990921099093931]
[100	70	69	154997	154869	1.0008301972631715]
[100	75	1	30	0	76.96544526901668]
[100	75	2	31	3	9.94680542671614]
[100	75	3	37	10	3.526978973407544]
[100	75	4	56	25	2.291026495825603]
[100	75	5	72	48	1.5069573283859]
[100	75	6	102	83	1.2350465754483608]
[100	75	7	160	131	1.2189269757730814]
[100	75	8	212	196	1.0810526492201993]
[100	75	9	320	279	1.1434498041640901]
[100	75	10	394	383	1.0266407699443414]
[100	75	11	542	510	1.0624169755327852]
[100	75	12	689	662	1.0402021248840443]
[100	75	13	886	842	1.0522682093899338]
[100	75	14	1080	1052	1.0270077791585757]
[100	75	15	1315	1294	1.0162724180581322]
[100	75	16	1565	1570	0.9968462149597053]
[100	75	17	1915	1883	1.0169410639373713]
[100	75	18	2243	2235	1.0033816767447723]
[100	75	19	2645	2629	1.0061892903193694]
[100	75	20	3075	3066	1.002670599489796]
[100	75	21	3551	3550	1.0002709008331663]
[100	75	22	3976	4081	0.9742211751769214]
[100	75	23	4618	4663	0.9902913809411479]
[100	75	24	5160	5299	0.9738447935992577]
[100	75	25	5931	5989	0.9904007421150279]
[100	75	26	6693	6737	0.9935523914483656]
[100	75	27	7577	7544	1.0043443272058794]
[100	75	28	8298	8414	0.9862124706139082]
[100	75	29	9259	9348	0.9905132219952866]
[100	75	30	10443	10349	1.0090880102040813]
[100	75	31	11378	11419	0.9964873599309575]
[100	75	32	12417	12560	0.9886493045898889]
[100	75	33	13699	13774	0.9945040358196416]
[100	75	34	15058	15065	0.9995196421207679]
[100	75	35	16121	16434	0.9809954726656102]
[100	75	36	17978	17883	1.0053388727123849]
[100	75	37	19581	19415	1.0085846104055434]
[100	75	38	21103	21032	1.0033840182217963]
[100	75	39	23048	22736	1.0137131465322504]
[100	75	40	24492	24530	0.9984493220228432]
[100	75	41	26422	26417	1.0002023908473738]
[100	75	42	28159	28397	0.9916256540384505]
[100	75	43	30265	30474	0.9931417384562794]
[100	75	44	32308	32650	0.9895243532738124]
[100	75	45	35038	34927	1.0031780388923246]
[100	75	46	36893	37308	0.9888868491873987]
[100	75	47	39649	39794	0.9963386045542006]
[100	75	48	42299	42389	0.9978889460613788]
[100	75	49	45558	45094	1.01030514263908]
[100	75	50	48322	47911	1.0085750231910948]
[100	75	51	50754	50844	0.9982307644668434]
[100	75	52	54435	53893	1.0100460365527328]
[100	75	53	57393	57063	1.005782217332152]
[100	75	54	60700	60354	1.0057369394478082]
[100	75	55	64003	63770	1.003656299962783]
[100	75	56	67368	67312	1.0008302943001883]
[100	75	57	70279	70982	0.9900965730962293]
[100	75	58	74630	74784	0.9979399183008612]
[100	75	59	78480	78719	0.9969545189503084]
[100	75	60	83382	82790	1.0071415284863943]
[100	75	61	86859	86999	0.9983873974102545]
[100	75	62	91377	91348	1.0003073471024078]
[100	75	63	96188	95840	1.003631180510606]
[100	75	64	100854	100477	1.003753276393232]
[100	75	65	104506	105261	0.9928296027725443]
[100	75	66	109408	110194	0.9928696458946942]
[100	75	67	114950	115279	0.9971467851242436]
[100	75	68	120173	120518	0.9971386757508526]
[100	75	69	126152	125914	1.0018901844456036]
[100	75	70	131644	131468	1.0013376714653528]
[100	75	71	136815	137183	0.9973144727851803]
[100	75	72	143210	143062	1.0010361870771562]
[100	75	73	149173	149106	1.0004503934046445]
[100	75	74	154999	155318	0.9979448164050779]
[100	80	1	29	0	91.98268398268397]
[100	80	2	26	3	10.09276437847866]
[100	80	3	37	9	4.333218809409287]
[100	80	4	48	20	2.350030921459492]
[100	80	5	61	39	1.548982065553494]
[100	80	6	88	68	1.284133855562427]
[100	80	7	128	108	1.1820760108973358]
[100	80	8	188	162	1.1614100185528755]
[100	80	9	252	230	1.094760488058548]
[100	80	10	339	316	1.0737118119975264]
[100	80	11	419	420	0.9967721806296451]
[100	80	12	587	546	1.076250028630981]
[100	80	13	682	694	0.9821905341770092]
[100	80	14	888	867	1.0245658825417263]
[100	80	15	1075	1066	1.0080743947410613]
[100	80	16	1268	1294	0.9798623995052563]
[100	80	17	1536	1552	0.9896397690878806]
[100	80	18	1848	1842	1.003141348820361]
[100	80	19	2156	2166	0.9951475083001962]
[100	80	20	2597	2527	1.0279579468150897]
[100	80	21	2933	2925	1.002748240288154]
[100	80	22	3479	3363	1.0343890305251255]
[100	80	23	3864	3843	1.0055338408142833]
[100	80	24	4332	4366	0.9921322064179209]
[100	80	25	5024	4935	1.018047247990105]
[100	80	26	5655	5551	1.0187884811722512]
[100	80	27	6326	6216	1.0176244621342274]
[100	80	28	6811	6933	0.9823612455849027]
[100	80	29	7645	7703	0.9925814614813754]
[100	80	30	8590	8527	1.0073590325018895]
[100	80	31	9426	9409	1.0018224884651465]
[100	80	32	10357	10349	1.0008068568336421]
[100	80	33	11385	11350	1.0031512406382717]
[100	80	34	12388	12413	0.9979657166421148]
[100	80	35	13568	13541	1.002005354911644]
[100	80	36	14994	14735	1.0175527000923825]
[100	80	37	16185	15997	1.0117460035022383]
[100	80	38	17264	17330	0.9962179254662543]
[100	80	39	18792	18734	1.0030988808109125]
[100	80	40	20238	20213	1.0012492269635127]
[100	80	41	21717	21767	0.9977028273172724]
[100	80	42	23659	23398	1.011122710414672]
[100	80	43	25107	25110	0.9998655676646294]
[100	80	44	26873	26903	0.9988779064661857]
[100	80	45	28874	28779	1.003308787887271]
[100	80	46	30439	30741	0.9901861026096371]
[100	80	47	32747	32789	0.9987080492845111]
[100	80	48	34733	34927	0.9944269795460273]
[100	80	49	37221	37156	1.001741472502562]
[100	80	50	39752	39478	1.0069421991341991]
[100	80	51	42589	41894	1.016594780001873]
[100	80	52	44097	44407	0.9930199414561206]
[100	80	53	46753	47018	0.9943568736244187]
[100	80	54	49786	49730	1.0011264818241106]
[100	80	55	52431	52545	0.9978341355256672]
[100	80	56	55872	55463	1.0073724692633483]
[100	80	57	58550	58488	1.0010726846028395]
[100	80	58	61444	61620	0.9971400217354189]
[100	80	59	65135	64863	1.0041902259509705]
[100	80	60	68268	68217	1.0007441306488924]
[100	80	61	71357	71685	0.9954180178874884]
[100	80	62	74867	75269	0.9946628176294855]
[100	80	63	78943	78970	0.9996590894467808]
[100	80	64	82889	82790	1.0011867317949903]
[100	80	65	86615	86732	0.9986434866908239]
[100	80	66	90747	90797	0.9994446235010079]
[100	80	67	95341	94987	1.003723510699815]
[100	80	68	99079	99304	0.9977346081559395]
[100	80	69	103251	103750	0.9951887621305677]
[100	80	70	109115	108326	1.0072810787712911]
[100	80	71	113058	113036	1.0002006990723662]
[100	80	72	117775	117879	0.9991113791819258]
[100	80	73	122930	122859	1.0005740663857332]
[100	80	74	127580	127978	0.9968903217364032]
[100	80	75	133163	133237	0.9994450152316819]
[100	80	76	138737	138638	1.000714903782823]
[100	80	77	144035	144182	0.9989756396622306]
[100	80	78	149814	149873	0.9996072616529084]
[100	80	79	155778	155712	1.000428477320627]
[100	85	1	21	0	81.08576839826841]
[100	85	2	23	2	10.800358495670997]
[100	85	3	27	7	3.734629457843744]
[100	85	4	39	17	2.284691220238096]
[100	85	5	51	33	1.5571505875077303]
[100	85	6	71	57	1.2554262866762869]
[100	85	7	109	90	1.2058145415600643]
[100	85	8	146	135	1.081519415294527]
[100	85	9	213	192	1.1115061656287406]
[100	85	10	281	263	1.0685471165739022]
[100	85	11	365	350	1.0415054963997752]
[100	85	12	466	455	1.0240999269552098]
[100	85	13	585	578	1.0106776324548934]
[100	85	14	746	722	1.0321811230124174]
[100	85	15	896	889	1.0078294967818775]
[100	85	16	1092	1078	1.0127654161140665]
[100	85	17	1324	1294	1.0234616573902287]
[100	85	18	1494	1536	0.9726981393785848]
[100	85	19	1829	1806	1.0127716413474956]
[100	85	20	2117	2106	1.0049080811301792]
[100	85	21	2367	2438	0.9704996471795027]
[100	85	22	2805	2804	1.000308960497661]
[100	85	23	3295	3204	1.0285028216625984]
[100	85	24	3597	3640	0.9883157721408744]
[100	85	25	4037	4114	0.9812023623995053]
[100	85	26	4667	4628	1.0085275763437742]
[100	85	27	5208	5183	1.004860077607318]
[100	85	28	5850	5780	1.0121032451502665]
[100	85	29	6369	6422	0.9918075771230442]
[100	85	30	7161	7109	1.007351239148858]
[100	85	31	8034	7844	1.0241887206391707]
[100	85	32	8859	8628	1.0267375917735482]
[100	85	33	9387	9462	0.9920088856195792]
[100	85	34	10310	10349	0.996250773036487]
[100	85	35	11368	11289	1.0069935506670202]
[100	85	36	12127	12285	0.9872081855192665]
[100	85	37	13276	13337	0.9954443979866603]
[100	85	38	14339	14448	0.9924849236471217]
[100	85	39	15359	15619	0.9833835644803525]
[100	85	40	16871	16851	1.0011902654172462]
[100	85	41	17906	18147	0.9867058513535483]
[100	85	42	19676	19507	1.0086593734292608]
[100	85	43	20916	20934	0.9991230663470441]
[100	85	44	22537	22429	1.0048120450497318]
[100	85	45	24203	23993	1.008742249911562]
[100	85	46	25616	25629	0.9994943379921888]
[100	85	47	27004	27337	0.9878297168184247]
[100	85	48	29238	29119	1.0040958288944128]
[100	85	49	31264	30977	1.0092454684879582]
[100	85	50	33202	32913	1.0087844366110081]
[100	85	51	34555	34927	0.9893564328088138]
[100	85	52	37190	37022	1.0045367372681733]
[100	85	53	38691	39200	0.9870309858645747]
[100	85	54	41443	41460	0.9995875891774548]
[100	85	55	43993	43807	1.0042429978343361]
[100	85	56	46318	46240	1.0016858455744395]
[100	85	57	48909	48762	1.0030283156420003]
[100	85	58	51255	51373	0.9976987728903935]
[100	85	59	54487	54077	1.0075857689325614]
[100	85	60	56975	56873	1.0017870984147024]
[100	85	61	60246	59764	1.0080603917269841]
[100	85	62	62802	62752	1.000789506263093]
[100	85	63	65225	65838	0.9906879171836287]
[100	85	64	69409	69023	1.0055931581710693]
[100	85	65	71838	72309	0.9934834068439311]
[100	85	66	76048	75698	1.004624127549906]
[100	85	67	78901	79191	0.9963312582707732]
[100	85	68	83427	82790	1.0076874855055657]
[100	85	69	86117	86497	0.9956097332076755]
[100	85	70	90303	90312	0.9998987327835985]
[100	85	71	94291	94238	1.0005540885693354]
[100	85	72	98484	98277	1.0021115088572394]
[100	85	73	102446	102429	1.0001704767051969]
[100	85	74	106755	106696	1.0005556455381341]
[100	85	75	111344	111080	1.0023708329554044]
[100	85	76	115337	115583	0.9978693652885529]
[100	85	77	120069	120206	0.9988652905421401]
[100	85	78	124818	124950	0.9989381580212625]
[100	85	79	130073	129818	1.0019648201350104]
[100	85	80	134716	134810	0.9992976064404809]
[100	85	81	139984	139929	1.0003910312996835]
[100	85	82	145106	145176	0.99951513190014]
[100	85	83	150595	150552	1.0002849944650356]
[100	85	84	155905	156060	0.9990073053794873]
[100	90	1	22	0	97.15491651205936]
[100	90	2	24	2	13.496869202226343]
[100	90	3	23	6	3.8654916512059367]
[100	90	4	29	14	2.0498898423005563]
[100	90	5	43	28	1.567102040816327]
[100	90	6	68	48	1.4192949907235621]
[100	90	7	90	76	1.176376726147655]
[100	90	8	131	114	1.1561449153525045]
[100	90	9	179	162	1.1060606060606057]
[100	90	10	241	222	1.0869628942486087]
[100	90	11	303	295	1.0273344772647124]
[100	90	12	384	383	1.0017248376623376]
[100	90	13	510	487	1.045723507261969]
[100	90	14	604	609	0.9931018325697627]
[100	90	15	764	749	1.0198886827458258]
[100	90	16	898	909	0.9879073388943643]
[100	90	17	1062	1090	0.9743006985744913]
[100	90	18	1301	1294	1.0055658627087196]
[100	90	19	1537	1521	1.010056800092832]
[100	90	20	1798	1774	1.0131950371057517]
[100	90	21	2075	2054	1.0099119955429827]
[100	90	22	2350	2362	0.9948174611692912]
[100	90	23	2680	2699	0.9930817459495737]
[100	90	24	3106	3066	1.0130739795918366]
[100	90	25	3452	3466	0.9959483487940629]
[100	90	26	3869	3899	0.9923189659030743]
[100	90	27	4327	4366	0.9911014911014913]
[100	90	28	4909	4869	1.0082070190586172]
[100	90	29	5459	5410	1.009096340536744]
[100	90	30	5943	5989	0.9923209647495363]
[100	90	31	6581	6608	0.9959877872742255]
[100	90	32	7306	7268	1.0051809958491562]
[100	90	33	7930	7971	0.9947923708790943]
[100	90	34	8465	8718	0.971025882828753]
[100	90	35	9441	9510	0.9927725785251815]
[100	90	36	10405	10349	1.0054015924551636]
[100	90	37	11254	11235	1.001661949851452]
[100	90	38	11923	12171	0.9795667826435536]
[100	90	39	13247	13158	1.0067574015164884]
[100	90	40	14326	14196	1.0091833111085344]
[100	90	41	15137	15287	0.9901281397735932]
[100	90	42	16499	16434	1.0039942096637224]
[100	90	43	17793	17636	1.008916485410918]
[100	90	44	18865	18895	0.9984084109448028]
[100	90	45	20006	20213	0.9898058132343847]
[100	90	46	21927	21590	1.01558736236113]
[100	90	47	22857	23029	0.9925419308875492]
[100	90	48	24386	24530	0.9941077860476577]
[100	90	49	25894	26096	0.9922762689072405]
[100	90	50	28046	27726	1.0115364155844153]
[100	90	51	29968	29423	1.0184933992470848]
[100	90	52	31275	31188	1.0027699807061072]
[100	90	53	33138	33023	1.0034881803974025]
[100	90	54	35083	34927	1.0044506859983051]
[100	90	55	36636	36904	0.992736372139184]
[100	90	56	38798	38954	0.9960168460398671]
[100	90	57	41019	41078	0.998556667958705]
[100	90	58	43843	43278	1.0130614101022306]
[100	90	59	45371	45555	0.9959607370891596]
[100	90	60	47392	47911	0.9891599025974028]
[100	90	61	50389	50347	1.0008349206837814]
[100	90	62	53369	52864	1.009552861122966]
[100	90	63	55978	55463	1.009282748349804]
[100	90	64	58393	58146	1.0042351066292103]
[100	90	65	61080	60915	1.0027109458588748]
[100	90	66	63803	63770	1.0005239340459908]
[100	90	67	66082	66712	0.99054821960945]
[100	90	68	68865	69744	0.9873956601357122]
[100	90	69	72906	72867	1.000536442974419]
[100	90	70	75609	76081	0.9937991150873283]
[100	90	71	79834	79388	1.0056054813929578]
[100	90	72	81955	82790	0.9899058344928877]
[100	90	73	85844	86288	0.9948505906111872]
[100	90	74	89973	89883	1.0010044285453865]
[100	90	75	93905	93576	1.0035164972170685]
[100	90	76	97092	97370	0.9971523582560567]
[100	90	77	100693	101264	0.9943636963218713]
[100	90	78	104932	105261	0.9968766968449976]
[100	90	79	109110	109361	0.9977037082056013]
[100	90	80	113558	113567	0.9999174215851115]
[100	90	81	118026	117879	1.001241100006532]
[100	90	82	122816	122299	1.0042230666667133]
[100	90	83	126267	126828	0.995572567691331]
[100	90	84	131583	131468	1.0008725395803695]
[100	90	85	136049	136219	0.998747272674405]
[100	90	86	141287	141084	1.0014383177728858]
[100	90	87	145955	146063	0.9992598323813214]
[100	90	88	151148	151158	0.9999362846563989]
[100	90	89	156394	156370	1.0001533732357355]
[100	95	1	19	0	99.4173237476809]
[100	95	2	16	2	10.438818993506494]
[100	95	3	19	5	3.819589030898554]
[100	95	4	25	12	2.104333352659246]
[100	95	5	40	24	1.6839969078540513]
[100	95	6	53	41	1.3083810754941705]
[100	95	7	82	65	1.2652762602523122]
[100	95	8	112	97	1.1557263885667903]
[100	95	9	143	137	1.0408134634325108]
[100	95	10	210	189	1.1153298160173164]
[100	95	11	257	251	1.024598474045721]
[100	95	12	333	326	1.0230165351073086]
[100	95	13	430	414	1.038730781756986]
[100	95	14	520	518	1.0047043242489155]
[100	95	15	647	637	1.016069596188644]
[100	95	16	799	773	1.0344968004291561]
[100	95	17	956	927	1.0318518568169641]
[100	95	18	1118	1100	1.0164932676368963]
[100	95	19	1258	1294	0.9723639455782309]
[100	95	20	1519	1509	1.0066335420531851]
[100	95	21	1785	1747	1.0218338901266155]
[100	95	22	1959	2008	0.97564919819099]
[100	95	23	2312	2295	1.0075247544492516]
[100	95	24	2625	2607	1.006773002465664]
[100	95	25	2914	2947	0.9889346072974645]
[100	95	26	3374	3315	1.0179603895857592]
[100	95	27	3705	3712	0.9981432632079312]
[100	95	28	4148	4140	1.0019990909496588]
[100	95	29	4581	4600	0.9958282226521568]
[100	95	30	4996	5092	0.9810354222497081]
[100	95	31	5653	5619	1.006193686610411]
[100	95	32	6122	6180	0.9906376441762119]
[100	95	33	6653	6778	0.98164867049254]
[100	95	34	7334	7413	0.9893841541020308]
[100	95	35	8013	8086	0.990956328622093]
[100	95	36	8624	8799	0.9801323020069574]
[100	95	37	9636	9553	1.0086253507546423]
[100	95	38	10196	10349	0.985268823438466]
[100	95	39	11512	11187	1.0290011722985801]
[100	95	40	12179	12070	1.009040269765577]
[100	95	41	12905	12998	0.9927932627271879]
[100	95	42	13835	13973	0.9901404359843987]
[100	95	43	14874	14995	0.9919183093091635]
[100	95	44	15769	16066	0.981525103125739]
[100	95	45	17078	17186	0.9937375650347434]
[100	95	46	18273	18357	0.9954125153679678]
[100	95	47	19982	19581	1.02048905277047]
[100	95	48	20732	20858	0.9939790630163641]
[100	95	49	22067	22188	0.9945050538893996]
[100	95	50	23583	23575	1.000355669449598]
[100	95	51	25183	25018	1.006581884906398]
[100	95	52	26422	26519	0.9963622739066192]
[100	95	53	28040	28078	0.9986540521247865]
[100	95	54	29557	29698	0.9952642369143694]
[100	95	55	31217	31378	0.9948532489834947]
[100	95	56	33126	33121	1.0001618873083669]
[100	95	57	35175	34927	1.007096188643808]
[100	95	58	36587	36798	0.9942601989310142]
[100	95	59	38964	38734	1.005923494887017]
[100	95	60	40326	40737	0.9898909283094552]
[100	95	61	42414	42808	0.9907816695619339]
[100	95	62	44892	44948	0.9987362471331142]
[100	95	63	47265	47159	1.0022563346217073]
[100	95	64	48886	49440	0.988801077404506]
[100	95	65	52316	51794	1.0100759064829226]
[100	95	66	54517	54221	1.0054565979258967]
[100	95	67	57238	56724	1.009075109679151]
[100	95	68	59472	59302	1.0028770592510754]
[100	95	69	62312	61956	1.0057372083172744]
[100	95	70	64290	64689	0.9938215571479057]
[100	95	71	68365	67502	1.012790380924897]
[100	95	72	70379	70394	0.9997809461744249]
[100	95	73	73935	73368	1.0077194698074516]
[100	95	74	75752	76425	0.9911912215274943]
[100	95	75	80067	79565	1.006302759751712]
[100	95	76	82575	82790	0.997398249072356]
[100	95	77	86247	86102	1.0016918232520158]
[100	95	78	89299	89500	0.997757036550975]
[100	95	79	93212	92987	1.0024253652704842]
[100	95	80	96000	96563	0.994170130685442]
[100	95	81	101213	100229	1.0098110207959958]
[100	95	82	103660	103987	0.9968524079663165]
[100	95	83	108612	107838	1.007170345677189]
[100	95	84	112540	111783	1.0067650070878167]
[100	95	85	116192	115823	1.0031866431379093]
[100	95	86	120469	119959	1.004249140161589]
[100	95	87	124317	124193	1.0009959875881818]
[100	95	88	127997	128525	0.9958939159412152]
[100	95	89	133708	132956	1.0056537873589555]
[100	95	90	137861	137489	1.0027106717421974]
[100	95	91	142534	142123	1.0028927291230472]
[100	95	92	146889	146860	1.0002007582968855]
[100	95	93	151768	151701	1.0004399289442232]
[100	95	94	156510	156647	0.999125766284713]
[100	100	1	14	0	86.58008658008656]
[100	100	2	14	1	11.054421768707481]
[100	100	3	19	4	4.454980645456836]
[100	100	4	23	10	2.188659554730983]
[100	100	5	33	20	1.6326530612244894]
[100	100	6	52	35	1.4744955221145701]
[100	100	7	63	55	1.1394963498253792]
[100	100	8	92	83	1.111843885281385]
[100	100	9	132	118	1.119365316896181]
[100	100	10	167	162	1.032467532467532]
[100	100	11	234	215	1.0877105435439662]
[100	100	12	291	279	1.0401993288898053]
[100	100	13	358	355	1.0071641517119116]
[100	100	14	445	444	1.0019048700847948]
[100	100	15	564	546	1.0327309374928424]
[100	100	16	638	662	0.9628984761518241]
[100	100	17	822	794	1.0343237641077192]
[100	100	18	947	943	1.0040460878203383]
[100	100	19	1140	1109	1.028265883617559]
[100	100	20	1267	1294	0.9790893630179341]
[100	100	21	1502	1498	1.0031360857405562]
[100	100	22	1832	1722	1.0641303171087437]
[100	100	23	1956	1967	0.9939494376319982]
[100	100	24	2256	2235	1.0092197127167366]
[100	100	25	2541	2527	1.0056153370439085]
[100	100	26	2880	2842	1.0132161442389676]
[100	100	27	3157	3183	0.9918965761933948]
[100	100	28	3568	3550	1.0052291523553494]
[100	100	29	4010	3944	1.0167732530858768]
[100	100	30	4283	4366	0.9809088618612429]
[100	100	31	4808	4817	0.9981307209137283]
[100	100	32	5333	5299	1.0064761433692793]
[100	100	33	5834	5811	1.003921364552469]
[100	100	34	6348	6355	0.9987873727660298]
[100	100	35	6964	6933	1.0044876683777144]
[100	100	36	7526	7544	0.9976041170926533]
[100	100	37	8117	8191	0.9909725552008762]
[100	100	38	8859	8873	0.9984500500090027]
[100	100	39	9511	9592	0.9915936937633189]
[100	100	40	10298	10349	0.9951008812615953]
[100	100	41	11041	11145	0.9906881905256859]
[100	100	42	11959	11980	0.998269653691006]
[100	100	43	12981	12856	1.0096892788264078]
[100	100	44	13715	13774	0.9957309626261542]
[100	100	45	14592	14735	0.9903112760255616]
[100	100	46	15864	15739	1.0079399557965703]
[100	100	47	16683	16788	0.9937528007429943]
[100	100	48	18043	17883	1.0089764612179049]
[100	100	49	18857	19024	0.9912297795262014]
[100	100	50	20124	20213	0.9956264687693258]
[100	100	51	21384	21450	0.9969595471616349]
[100	100	52	22839	22736	1.0045054093553671]
[100	100	53	23923	24073	0.9937540674803169]
[100	100	54	25503	25462	1.0016012612524468]
[100	100	55	26867	26903	0.9986809012246382]
[100	100	56	28519	28397	1.0042765905394755]
[100	100	57	29995	29946	1.0016310150301642]
[100	100	58	31594	31550	1.0014133169771253]
[100	100	59	33163	33210	0.9985837216052018]
[100	100	60	35434	34927	1.0144972972353927]
[100	100	61	36378	36703	0.9911620515277082]
[100	100	62	39089	38538	1.014318791559761]
[100	100	63	40617	40433	1.0045631520222869]
[100	100	64	42529	42389	1.0033208201826538]
[100	100	65	43990	44407	0.9906160337267691]
[100	100	66	46224	46488	0.9943167567223951]
[100	100	67	48315	48633	0.9934555829971344]
[100	100	68	50806	50844	0.9992574412589823]
[100	100	69	53543	53120	1.0079639580983968]
[100	100	70	56210	55463	1.0134684141348034]
[100	100	71	58228	57874	1.0061061966623486]
[100	100	72	60367	60354	1.0002161970443497]
[100	100	73	63113	62904	1.003325717559653]
[100	100	74	65271	65525	0.9961217568438689]
[100	100	75	68160	68217	0.9991543553448315]
[100	100	76	70582	70982	0.9943617137241779]
[100	100	77	73703	73821	0.998401735510084]
[100	100	78	76597	76735	0.9981943273011178]
[100	100	79	79224	79724	0.9937245528286861]
[100	100	80	83193	82790	1.004862882653061]
[100	100	81	86276	85934	1.0039849216997492]
[100	100	82	88821	89156	0.9962436086445566]
[100	100	83	92312	92458	0.9984159513867006]
[100	100	84	95914	95840	1.0007659956032162]
[100	100	85	99405	99304	1.001016449360493]
[100	100	86	103082	102850	1.0022503084659338]
[100	100	87	106525	106480	1.0004236939096334]
[100	100	88	109359	110194	0.9924249756763576]
[100	100	89	114303	113993	1.0027116698271235]
[100	100	90	117912	117879	1.0002748574177145]
[100	100	91	121758	121852	0.9992238094927063]
[100	100	92	125932	125914	1.000140972578127]
[100	100	93	130359	130065	1.0022609785081993]
[100	100	94	133567	134305	0.9945051902621175]
[100	100	95	138713	138638	1.00054070853646]
[100	100	96	143038	143062	0.9998318125585148]
[100	100	97	147725	147579	1.0009881194381478]
[100	100	98	152707	152191	1.0033918198853122]
[100	100	99	156801	156897	0.9993878271300266]
 (: 117  33 )
