n=50
m={2,3,4,5,6,7,8,9,10,11,12,13,14,15,16,17,18,19,20,25,30,35,40,45,50,55,60,65,70,75,80,85,90,95,100,110,120,130,140,150,200};
times=100;
run:
[50	2	1	4934	2450	2.0139102040816326]
[50	3	1	2149	726	2.960343367346939]
[50	3	2	5987	5807	1.030926466836735]
[50	4	1	1194	306	3.8991673469387753]
[50	4	2	2686	2450	1.0963591836734694]
[50	4	3	8224	8269	0.9945505668934241]
[50	5	1	777	157	4.952614795918366]
[50	5	2	1515	1254	1.2078523596938773]
[50	5	3	4311	4234	1.0183082955404386]
[50	5	4	10101	10035	1.00650709502551]
[50	6	1	546	91	6.0196775510204095]
[50	6	2	947	726	1.3039622448979595]
[50	6	3	2544	2450	1.0384204081632653]
[50	6	4	5866	5807	1.0100927295918372]
[50	6	5	11343	11343	1.0000782367346936]
[50	7	1	408	57	7.145775000000001]
[50	7	2	638	457	1.3957125000000001]
[50	7	3	1630	1543	1.056176851851852]
[50	7	4	3663	3657	1.0017218750000003]
[50	7	5	7201	7143	1.008147]
[50	7	6	12363	12343	1.0015971064814815]
[50	8	1	306	38	7.997648979591838]
[50	8	2	475	306	1.550269387755102]
[50	8	3	1108	1034	1.0720266061980348]
[50	8	4	2489	2450	1.015804081632653]
[50	8	5	4843	4785	1.011996212244898]
[50	8	6	8281	8269	1.0014585034013606]
[50	8	7	13112	13130	0.9986223835306717]
[50	9	1	244	27	9.060428571428574]
[50	9	2	356	215	1.6569872448979595]
[50	9	3	822	726	1.1328704081632657]
[50	9	4	1767	1721	1.0270159438775512]
[50	9	5	3440	3361	1.023483269387755]
[50	9	6	5804	5807	0.9993340561224492]
[50	9	7	9269	9222	1.0051412268697566]
[50	9	8	13825	13766	1.0042768275669645]
[50	10	1	197	20	10.054081632653059]
[50	10	2	271	157	1.7292091836734689]
[50	10	3	614	529	1.1594482237339383]
[50	10	4	1281	1254	1.0214445153061222]
[50	10	5	2461	2450	1.0044244897959185]
[50	10	6	4207	4234	0.9937334656084656]
[50	10	7	6707	6723	0.9975754150056526]
[50	10	8	10014	10035	0.9978924186862241]
[50	10	9	14295	14288	1.0004591136866268]
[50	11	1	160	15	10.85647806122449]
[50	11	2	222	118	1.8803770408163265]
[50	11	3	464	398	1.1661340702947849]
[50	11	4	1013	942	1.0748164540816327]
[50	11	5	1870	1841	1.0156833836734696]
[50	11	6	3127	3181	0.9831750165343919]
[50	11	7	5105	5051	1.0106556137323734]
[50	11	8	7559	7540	1.0025433344626913]
[50	11	9	10780	10735	1.0041987178410456]
[50	11	10	14789	14726	1.004269379591837]
[50	12	1	133	11	11.750400000000003]
[50	12	2	186	91	2.0479224489795924]
[50	12	3	376	306	1.2292244897959184]
[50	12	4	779	726	1.072547448979592]
[50	12	5	1434	1418	1.011169175510204]
[50	12	6	2455	2450	1.0022204081632653]
[50	12	7	3924	3891	1.0086365918962334]
[50	12	8	5766	5807	0.9929060586734696]
[50	12	9	8247	8269	0.997341798941799]
[50	12	10	11368	11343	1.0022831999999997]
[50	12	11	15112	15097	1.0009710053818672]
[50	13	1	110	9	12.332343877551017]
[50	13	2	153	71	2.1500615433673462]
[50	13	3	305	241	1.2661810846560846]
[50	13	4	613	571	1.0731742506377548]
[50	13	5	1179	1115	1.0574026489795918]
[50	13	6	1951	1927	1.0126874716553287]
[50	13	7	3072	3060	1.0040552745879694]
[50	13	8	4586	4568	1.0039268913424744]
[50	13	9	6502	6504	0.9997961416253746]
[50	13	10	8893	8921	0.9968797826530611]
[50	13	11	11897	11874	1.0019191132952052]
[50	13	12	15383	15416	0.9978398440452568]
[50	14	1	103	7	14.371000000000004]
[50	14	2	131	57	2.290050000000001]
[50	14	3	255	193	1.3239851851851854]
[50	14	4	499	457	1.0909281250000002]
[50	14	5	940	893	1.0526655999999999]
[50	14	6	1590	1543	1.0302833333333334]
[50	14	7	2459	2450	1.0038530612244898]
[50	14	8	3685	3657	1.0076062500000003]
[50	14	9	5197	5207	0.9980002743484221]
[50	14	10	7169	7143	1.0036334]
[50	14	11	9621	9507	1.0120022539444027]
[50	14	12	12319	12343	0.9980525462962964]
[50	14	13	15643	15693	0.9968471552116522]
[50	15	1	88	6	15.170280612244898]
[50	15	2	109	46	2.346356823979592]
[50	15	3	207	157	1.3231505102040813]
[50	15	4	408	372	1.0964176100127552]
[50	15	5	771	726	1.0617750000000001]
[50	15	6	1271	1254	1.0133051658163261]
[50	15	7	2015	1992	1.0118222689950616]
[50	15	8	2985	2973	1.0038734903140945]
[50	15	9	4242	4234	1.0019652305366593]
[50	15	10	5802	5807	0.999046492346939]
[50	15	11	7714	7730	0.9979379091982401]
[50	15	12	10072	10035	1.0037029655612244]
[50	15	13	12735	12759	0.9980927726120034]
[50	15	14	15867	15936	0.9956728176875705]
[50	16	1	74	5	15.562710204081633]
[50	16	2	102	38	2.6535183673469387]
[50	16	3	177	129	1.369512925170068]
[50	16	4	336	306	1.096261224489796]
[50	16	5	640	598	1.070426906122449]
[50	16	6	1049	1034	1.015002267573696]
[50	16	7	1660	1641	1.011436853691914]
[50	16	8	2436	2450	0.9942326530612244]
[50	16	9	3465	3488	0.9932464600655078]
[50	16	10	4762	4785	0.9950605061224491]
[50	16	11	6387	6369	1.0028115733145249]
[50	16	12	8300	8269	1.0037756613756612]
[50	16	13	10485	10513	0.99732632810976]
[50	16	14	13192	13130	1.0046747188671388]
[50	16	15	16106	16150	0.9972790953892667]
[50	17	1	71	4	17.84722448979592]
[50	17	2	83	32	2.609091262755102]
[50	17	3	152	108	1.411884051398337]
[50	17	4	297	255	1.1642525350765307]
[50	17	5	524	499	1.0508806734693876]
[50	17	6	879	862	1.020292328042328]
[50	17	7	1339	1368	0.9784490747902661]
[50	17	8	2082	2043	1.019465124760842]
[50	17	9	2943	2908	1.0120022164833011]
[50	17	10	4014	3989	1.006184906632653]
[50	17	11	5271	5310	0.9926924450696881]
[50	17	12	6891	6894	0.999567640128968]
[50	17	13	8749	8765	0.9981942899872742]
[50	17	14	10999	10947	1.004733091308681]
[50	17	15	13462	13464	0.9998032984126985]
[50	17	16	16329	16341	0.9992762060048629]
[50	18	1	58	3	17.109183673469392]
[50	18	2	73	27	2.708830102040817]
[50	18	3	132	91	1.457118367346939]
[50	18	4	250	215	1.160030548469388]
[50	18	5	456	420	1.0850852571428569]
[50	18	6	756	726	1.0411806122448983]
[50	18	7	1157	1153	1.0039180579520437]
[50	18	8	1742	1721	1.0121906967474492]
[50	18	9	2471	2450	1.0085469387755102]
[50	18	10	3366	3361	1.0015954163265304]
[50	18	11	4519	4473	1.0101778898787162]
[50	18	12	5835	5807	1.0048287627551022]
[50	18	13	7404	7384	1.002709016934038]
[50	18	14	9236	9222	1.001560638424466]
[50	18	15	11316	11343	0.9976281795918366]
[50	18	16	13705	13766	0.9955863909040181]
[50	18	17	16558	16511	1.002794784349726]
[50	19	1	55	3	19.313684183673473]
[50	19	2	66	23	2.8875165178571436]
[50	19	3	115	77	1.4855982237339382]
[50	19	4	216	183	1.1829915896045922]
[50	19	5	378	357	1.0580777387755103]
[50	19	6	647	617	1.0490044690098264]
[50	19	7	1004	980	1.0240343755578036]
[50	19	8	1467	1463	1.002733690409758]
[50	19	9	2078	2083	0.9973881946194117]
[50	19	10	2924	2858	1.0232193209183673]
[50	19	11	3756	3803	0.9874713595731304]
[50	19	12	4968	4938	1.0061924237055935]
[50	19	13	6338	6278	1.009586081205354]
[50	19	14	7852	7841	1.0014037463928722]
[50	19	15	9628	9644	0.998343780952381]
[50	19	16	11671	11705	0.9971316018863602]
[50	19	17	14088	14039	1.003450385379065]
[50	19	18	16769	16665	1.0062467282025982]
[50	20	1	50	2	20.44897959183673]
[50	20	2	57	20	2.9198979591836727]
[50	20	3	98	66	1.4808767951625095]
[50	20	4	190	157	1.213584183673469]
[50	20	5	335	306	1.0951836734693876]
[50	20	6	547	529	1.0330120937263796]
[50	20	7	821	840	0.9770928779675138]
[50	20	8	1257	1254	1.0019212372448976]
[50	20	9	1795	1786	1.0052406147644242]
[50	20	10	2471	2450	1.0084897959183674]
[50	20	11	3263	3261	1.000493721154878]
[50	20	12	4325	4234	1.0215159674981105]
[50	20	13	5337	5383	0.991470743964404]
[50	20	14	6784	6723	1.0090438507764625]
[50	20	15	8316	8269	1.0056780045351474]
[50	20	16	10093	10035	1.0057667012117344]
[50	20	17	12078	12037	1.003432791801842]
[50	20	18	14312	14288	1.0016845832983399]
[50	20	19	16723	16805	0.9951608344168693]
[50	25	1	30	1	24.091198979591834]
[50	25	2	35	10	3.487723214285714]
[50	25	3	58	34	1.71426209372638]
[50	25	4	102	80	1.2728944116709182]
[50	25	5	176	157	1.1200255102040815]
[50	25	6	282	271	1.0390462608654574]
[50	25	7	446	430	1.0370725367406435]
[50	25	8	652	642	1.0156125438456631]
[50	25	9	930	914	1.017247819909857]
[50	25	10	1262	1254	1.0057477678571425]
[50	25	11	1672	1670	1.0014096735613855]
[50	25	12	2187	2168	1.009091516380858]
[50	25	13	2744	2756	0.9957884069649706]
[50	25	14	3415	3442	0.992224570677396]
[50	25	15	4197	4234	0.9912674792139079]
[50	25	16	5185	5138	1.0091372898646762]
[50	25	17	6140	6163	0.9963625372294245]
[50	25	18	7350	7316	1.004641986681504]
[50	25	19	8605	8604	1.0001685741361712]
[50	25	20	10026	10035	0.9990822305484691]
[50	25	21	11628	11617	1.0009306706971743]
[50	25	22	13418	13357	1.0045496351714993]
[50	25	23	15266	15262	1.0002630798764807]
[50	25	24	17358	17341	1.0009857892809904]
[50	30	1	22	1	29.74132653061225]
[50	30	2	26	6	4.413329081632654]
[50	30	3	39	20	2.012755102040816]
[50	30	4	60	46	1.2994180484693878]
[50	30	5	106	91	1.1724612244897963]
[50	30	6	175	157	1.117538265306122]
[50	30	7	265	249	1.062963348604748]
[50	30	8	387	372	1.0405353156887756]
[50	30	9	532	529	1.0050831443688588]
[50	30	10	733	726	1.0091801020408167]
[50	30	11	979	966	1.0134573513853329]
[50	30	12	1265	1254	1.008474170918367]
[50	30	13	1616	1595	1.013086258627256]
[50	30	14	1940	1992	0.9739546766228356]
[50	30	15	2442	2450	0.9965469387755101]
[50	30	16	2950	2973	0.9921360560825895]
[50	30	17	3577	3566	1.0028420018526443]
[50	30	18	4239	4234	1.0013605442176872]
[50	30	19	4953	4979	0.9947569259516027]
[50	30	20	5795	5807	0.9977929209183676]
[50	30	21	6776	6723	1.0078865948711848]
[50	30	22	7701	7730	0.9962586631196433]
[50	30	23	8761	8832	0.9919352363284426]
[50	30	24	10127	10035	1.0091358418367344]
[50	30	25	11343	11343	1.0000209306122447]
[50	30	26	12756	12759	0.9997770905130372]
[50	30	27	14286	14288	0.9998404299991601]
[50	30	28	15916	15936	0.9987809673796632]
[50	30	29	17716	17705	1.000631055653226]
[50	35	1	16	0	35.962500000000006]
[50	35	2	17	4	4.7523437500000005]
[50	35	3	25	12	2.043287037037037]
[50	35	4	41	29	1.4150390625000002]
[50	35	5	68	57	1.1826500000000002]
[50	35	6	114	99	1.1544126157407406]
[50	35	7	167	157	1.0662627551020405]
[50	35	8	248	234	1.0590576171875001]
[50	35	9	339	333	1.017382544581619]
[50	35	10	464	457	1.0153281250000001]
[50	35	11	612	608	1.0062335649887304]
[50	35	12	792	790	1.0028320312499999]
[50	35	13	1035	1004	1.030225876194811]
[50	35	14	1260	1254	1.0045440051020404]
[50	35	15	1542	1543	0.9996194444444445]
[50	35	16	1920	1872	1.0253211975097658]
[50	35	17	2245	2246	0.9997493893751273]
[50	35	18	2665	2666	0.9994722007887521]
[50	35	19	3130	3136	0.9982386280798953]
[50	35	20	3665	3657	1.0020664062500002]
[50	35	21	4222	4234	0.9973237906273623]
[50	35	22	4903	4868	1.0071929587716004]
[50	35	23	5546	5562	0.9971850086299004]
[50	35	24	6346	6320	1.0041517469618055]
[50	35	25	7174	7143	1.0044146]
[50	35	26	8058	8035	1.0028696802457897]
[50	35	27	8999	8998	1.0001663872377178]
[50	35	28	10057	10035	1.002175342793367]
[50	35	29	11123	11149	0.9976745407765792]
[50	35	30	12387	12343	1.0035391203703705]
[50	35	31	13698	13619	1.0057925422107348]
[50	35	32	14970	14980	0.9993713378906252]
[50	35	33	16437	16428	1.0005227029245625]
[50	35	34	17907	17968	0.9966354410492572]
[50	40	1	12	0	39.020408163265294]
[50	40	2	13	2	5.448979591836733]
[50	40	3	17	8	2.064399092970522]
[50	40	4	28	20	1.451020408163265]
[50	40	5	48	38	1.2533551020408162]
[50	40	6	74	66	1.123809523809524]
[50	40	7	114	105	1.0864996727553997]
[50	40	8	156	157	0.994770408163265]
[50	40	9	237	223	1.061739592956524]
[50	40	10	317	306	1.0346448979591838]
[50	40	11	428	408	1.0494119811711307]
[50	40	12	533	529	1.0079365079365081]
[50	40	13	687	673	1.0203747224879938]
[50	40	14	839	840	0.9985958231689179]
[50	40	15	1048	1034	1.0140928193499623]
[50	40	16	1249	1254	0.9959821428571425]
[50	40	17	1493	1505	0.9919738137469521]
[50	40	18	1812	1786	1.0145180706027266]
[50	40	19	2109	2101	1.0041375698843469]
[50	40	20	2467	2450	1.0069795918367346]
[50	40	21	2881	2836	1.01581660198903]
[50	40	22	3257	3261	0.9987028319968103]
[50	40	23	3764	3726	1.0102804004810606]
[50	40	24	4206	4234	0.9934523809523811]
[50	40	25	4808	4785	1.0047905959183674]
[50	40	26	5372	5383	0.9980084159289568]
[50	40	27	6050	6028	1.003681411598323]
[50	40	28	6700	6723	0.9965758314987805]
[50	40	29	7457	7469	0.9984039308453712]
[50	40	30	8264	8269	0.999390476190476]
[50	40	31	9101	9123	0.9975871359587437]
[50	40	32	10051	10035	1.0015684789540815]
[50	40	33	11008	11006	1.0002274956230093]
[50	40	34	11986	12037	0.9958145195794581]
[50	40	35	13134	13130	1.0002529422264532]
[50	40	36	14297	14288	1.0005794910556816]
[50	40	37	15561	15512	1.0031586661869452]
[50	40	38	16793	16805	0.9993222073783589]
[50	40	39	18188	18166	1.0012108176098033]
[50	45	1	10	0	45.748469387755094]
[50	45	2	10	2	5.898716517857142]
[50	45	3	14	6	2.353890306122449]
[50	45	4	23	14	1.6344965720663263]
[50	45	5	34	27	1.2474826530612246]
[50	45	6	55	46	1.1801737882653063]
[50	45	7	78	74	1.0599712917236865]
[50	45	8	114	110	1.0364524374202804]
[50	45	9	164	157	1.0430484693877549]
[50	45	10	219	215	1.0164156887755105]
[50	45	11	287	286	1.0026069377788682]
[50	45	12	357	372	0.9603306361607143]
[50	45	13	477	473	1.009901808356479]
[50	45	14	586	590	0.9930622982611411]
[50	45	15	736	726	1.01347806122449]
[50	45	16	885	881	1.0048521703603315]
[50	45	17	1060	1057	1.0028644329704202]
[50	45	18	1266	1254	1.0092394770408162]
[50	45	19	1470	1475	0.9960844681946259]
[50	45	20	1735	1721	1.008169108737245]
[50	45	21	1986	1992	0.996831863211757]
[50	45	22	2292	2290	1.000659568626474]
[50	45	23	2620	2617	1.0010164926289415]
[50	45	24	2970	2973	0.9990204480229593]
[50	45	25	3364	3361	1.0010419714285712]
[50	45	26	3772	3780	0.9978819389612926]
[50	45	27	4230	4234	0.9990953325774756]
[50	45	28	4703	4722	0.9960019564950616]
[50	45	29	5266	5246	1.0037573605029366]
[50	45	30	5806	5807	0.9997059948979594]
[50	45	31	6359	6408	0.9923387332258271]
[50	45	32	7010	7048	0.9945500179212919]
[50	45	33	7780	7730	1.00648809204373]
[50	45	34	8545	8454	1.0107661446931715]
[50	45	35	9263	9222	1.004464580234426]
[50	45	36	9997	10035	0.9962222975127549]
[50	45	37	10911	10895	1.0014555983045106]
[50	45	38	11773	11802	0.9975180782511285]
[50	45	39	12759	12759	1.000048274316554]
[50	45	40	13771	13766	1.0003896314971303]
[50	45	41	14853	14824	1.0019764883870292]
[50	45	42	16010	15936	1.0046427130436721]
[50	45	43	17180	17101	1.0046368903662184]
[50	45	44	18359	18322	1.0020278574339438]
[50	50	1	8	0	48.21428571428571]
[50	50	2	9	1	7.278380102040816]
[50	50	3	11	4	2.5675547996976573]
[50	50	4	16	10	1.5894052933673466]
[50	50	5	26	20	1.3316326530612241]
[50	50	6	39	34	1.1379204459561605]
[50	50	7	62	54	1.1457279704884866]
[50	50	8	85	80	1.0552853954081631]
[50	50	9	120	114	1.048052966042384]
[50	50	10	166	157	1.0613520408163262]
[50	50	11	212	209	1.0150895444579033]
[50	50	12	272	271	1.004242842970522]
[50	50	13	352	344	1.0227014110150203]
[50	50	14	437	430	1.0155971098351875]
[50	50	15	537	529	1.014777021919879]
[50	50	16	652	642	1.0156125438456631]
[50	50	17	777	770	1.0081930696153893]
[50	50	18	932	914	1.019642682175751]
[50	50	19	1087	1075	1.010282557402608]
[50	50	20	1270	1254	1.0120774872448977]
[50	50	21	1447	1452	0.9967876039304612]
[50	50	22	1640	1670	0.9823393106303377]
[50	50	23	1918	1908	1.0052701938834216]
[50	50	24	2168	2168	1.0004091154691044]
[50	50	25	2469	2450	1.0075510204081632]
[50	50	26	2732	2756	0.9914994531039542]
[50	50	27	3100	3086	1.0045898408136307]
[50	50	28	3383	3442	0.9829075124947935]
[50	50	29	3812	3824	0.9966985994857169]
[50	50	30	4249	4234	1.0036777210884356]
[50	50	31	4700	4671	1.006122842880229]
[50	50	32	5097	5138	0.9920820897939253]
[50	50	33	5597	5635	0.993319942552528]
[50	50	34	6187	6163	1.0039499147409827]
[50	50	35	6692	6723	0.9954260129707863]
[50	50	36	7332	7316	1.002245757485093]
[50	50	37	7953	7942	1.0013169335015313]
[50	50	38	8541	8604	0.9926417807974626]
[50	50	39	9238	9301	0.9931805499218854]
[50	50	40	10041	10035	1.0005610251913262]
[50	50	41	10760	10807	0.9956820941693375]
[50	50	42	11679	11617	1.0053405878062274]
[50	50	43	12516	12467	1.0039787922665262]
[50	50	44	13408	13357	1.0038511172453581]
[50	50	45	14299	14288	1.0007670557935107]
[50	50	46	15266	15262	1.0002506308885024]
[50	50	47	16303	16279	1.0014357736390842]
[50	50	48	17333	17341	0.9995556382275134]
[50	50	49	18437	18447	0.9994626223871388]
[50	55	1	6	0	53.90210459183674]
[50	55	2	7	1	6.971197385204083]
[50	55	3	9	3	2.9206797996976572]
[50	55	4	12	8	1.5398706552933674]
[50	55	5	20	15	1.3568051020408163]
[50	55	6	30	25	1.1616697373393805]
[50	55	7	45	40	1.1223160364728986]
[50	55	8	64	60	1.064546670719069]
[50	55	9	90	86	1.0478490418801265]
[50	55	10	124	118	1.0535951530612244]
[50	55	11	163	157	1.0376275510204078]
[50	55	12	206	204	1.012531149612623]
[50	55	13	259	259	1.0010813098566693]
[50	55	14	329	323	1.0191483412789317]
[50	55	15	398	398	1.001016628873772]
[50	55	16	491	483	1.0168401912767062]
[50	55	17	595	579	1.0277796153063303]
[50	55	18	688	687	1.00200055202122]
[50	55	19	799	808	0.9891186836303262]
[50	55	20	958	942	1.0167337531887755]
[50	55	21	1100	1091	1.0082191764784953]
[50	55	22	1259	1254	1.0040258290816324]
[50	55	23	1453	1433	1.0135434296180874]
[50	55	24	1644	1629	1.0096328700751136]
[50	55	25	1827	1841	0.992464224489796]
[50	55	26	2085	2071	1.0071134912345685]
[50	55	27	2339	2319	1.0087638107369148]
[50	55	28	2577	2586	0.9963261622296516]
[50	55	29	2872	2873	0.9997304530898424]
[50	55	30	3151	3181	0.9906732095616028]
[50	55	31	3511	3510	1.000540427392467]
[50	55	32	3850	3860	0.9974607292486697]
[50	55	33	4263	4234	1.0069468065003782]
[50	55	34	4595	4630	0.9922999152082981]
[50	55	35	5011	5051	0.992041253644315]
[50	55	36	5520	5496	1.0042238399024734]
[50	55	37	5968	5967	1.000171693902128]
[50	55	38	6484	6464	1.0029918887295404]
[50	55	39	7082	6988	1.0134751592565414]
[50	55	40	7469	7540	0.9906076789700254]
[50	55	41	8091	8119	0.9965072921407502]
[50	55	42	8803	8728	1.0086453898452803]
[50	55	43	9307	9366	0.9936139463268925]
[50	55	44	10028	10035	0.9992446588010202]
[50	55	45	10771	10735	1.003305385487528]
[50	55	46	11495	11467	1.0024723185613733]
[50	55	47	12254	12231	1.0019009884758736]
[50	55	48	13064	13028	1.0027517588320596]
[50	55	49	13900	13860	1.0029107964871642]
[50	55	50	14712	14726	0.9990350183673471]
[50	55	51	15607	15627	0.9987364880592762]
[50	55	52	16570	16564	1.0003441908151944]
[50	55	53	17585	17539	1.0026708019515633]
[50	55	54	18545	18550	0.9997396635265904]
[50	60	1	6	0	61.2734693877551]
[50	60	2	6	1	8.389285714285714]
[50	60	3	7	2	2.86938775510204]
[50	60	4	11	6	1.8183673469387758]
[50	60	5	17	11	1.4793795918367352]
[50	60	6	23	20	1.1704081632653058]
[50	60	7	35	31	1.1216397929434163]
[50	60	8	53	46	1.1369100765306124]
[50	60	9	67	66	1.0179894179894182]
[50	60	10	92	91	1.0185061224489798]
[50	60	11	122	121	1.0118738404452692]
[50	60	12	165	157	1.0526785714285711]
[50	60	13	204	199	1.0241906867435184]
[50	60	14	244	249	0.9801496400309394]
[50	60	15	301	306	0.9836734693877551]
[50	60	16	375	372	1.0085718271683675]
[50	60	17	437	446	0.9791855842683095]
[50	60	18	520	529	0.9817271352985639]
[50	60	19	621	622	0.9972192055127928]
[50	60	20	725	726	0.9993168367346941]
[50	60	21	846	840	1.0063663949544837]
[50	60	22	954	966	0.9869723546819181]
[50	60	23	1110	1104	1.005649607586932]
[50	60	24	1244	1254	0.9918686224489793]
[50	60	25	1426	1418	1.005710106122449]
[50	60	26	1600	1595	1.0033738028666177]
[50	60	27	1802	1786	1.0087287589933092]
[50	60	28	1999	1992	1.0035489305051466]
[50	60	29	2195	2213	0.9918051045093097]
[50	60	30	2470	2450	1.0080081632653062]
[50	60	31	2659	2703	0.983665111843804]
[50	60	32	2949	2973	0.9919107242506379]
[50	60	33	3232	3261	0.9911927505788187]
[50	60	34	3566	3566	0.9998782904165128]
[50	60	35	3897	3891	1.0015501160230853]
[50	60	36	4189	4234	0.9894439720332578]
[50	60	37	4591	4596	0.9987444787403045]
[50	60	38	4973	4979	0.9987315191421373]
[50	60	39	5359	5383	0.995663845875173]
[50	60	40	5792	5807	0.9973279974489799]
[50	60	41	6260	6254	1.001026137882207]
[50	60	42	6709	6723	0.9979041470815734]
[50	60	43	7198	7215	0.997665254991025]
[50	60	44	7711	7730	0.9976261231389629]
[50	60	45	8215	8269	0.9935201814058957]
[50	60	46	8840	8832	1.000853596966032]
[50	60	47	9416	9421	0.9994219361169432]
[50	60	48	9997	10035	0.9961654974489793]
[50	60	49	10657	10676	0.9983066544708135]
[50	60	50	11326	11343	0.9985609469387754]
[50	60	51	12113	12037	1.0062981594021694]
[50	60	52	12740	12759	0.998522277595608]
[50	60	53	13535	13509	1.0019039412483093]
[50	60	54	14278	14288	0.999259539206629]
[50	60	55	15086	15097	0.9992739784418653]
[50	60	56	15928	15936	0.9995183136118878]
[50	60	57	16877	16805	1.0042928849627035]
[50	60	58	17725	17705	1.0011665094919842]
[50	60	59	18674	18636	1.0020313862743158]
[50	65	1	4	0	61.230165816326526]
[50	65	2	5	1	8.722146045918366]
[50	65	3	7	2	3.7415839947089946]
[50	65	4	8	5	1.766760004783163]
[50	65	5	13	9	1.4078734693877548]
[50	65	6	20	15	1.3018999787414964]
[50	65	7	29	24	1.1936310019634673]
[50	65	8	39	37	1.0683753188775509]
[50	65	9	56	52	1.082862496850592]
[50	65	10	75	71	1.0458168367346936]
[50	65	11	99	95	1.0369126519879175]
[50	65	12	127	123	1.0271030786446522]
[50	65	13	158	157	1.0081632653061223]
[50	65	14	199	196	1.0144025275926694]
[50	65	15	240	241	0.9968700680272108]
[50	65	16	287	292	0.9801536248654733]
[50	65	17	342	351	0.9760693853666033]
[50	65	18	419	416	1.007567611664007]
[50	65	19	477	490	0.9743892186193619]
[50	65	20	566	571	0.9906291214923467]
[50	65	21	658	661	0.9948437971722538]
[50	65	22	757	760	0.9961598793583923]
[50	65	23	863	868	0.9943578670475339]
[50	65	24	983	987	0.9965644588456042]
[50	65	25	1130	1115	1.0129246081632652]
[50	65	26	1227	1254	0.9780293367346936]
[50	65	27	1405	1405	1.0000521823193533]
[50	65	28	1571	1567	1.002734804973374]
[50	65	29	1730	1741	0.9938274855844177]
[50	65	30	1956	1927	1.0152510534769463]
[50	65	31	2113	2126	0.993784566921663]
[50	65	32	2350	2339	1.0049029058339642]
[50	65	33	2580	2565	1.0060645493275364]
[50	65	34	2860	2805	1.0196431475920817]
[50	65	35	3065	3060	1.0017905619682275]
[50	65	36	3318	3330	0.9964649796228933]
[50	65	37	3599	3615	0.9954781019074561]
[50	65	38	3884	3916	0.9917197172324607]
[50	65	39	4230	4234	0.999189814814815]
[50	65	40	4544	4568	0.9948522690130738]
[50	65	41	4910	4919	0.9981631605573849]
[50	65	42	5314	5288	1.0050203131645432]
[50	65	43	5630	5674	0.9920928337910435]
[50	65	44	6156	6080	1.012593563219451]
[50	65	45	6542	6504	1.0059142955124438]
[50	65	46	6991	6947	1.006374780792978]
[50	65	47	7449	7410	1.0052628970233288]
[50	65	48	7903	7893	1.0012471147855844]
[50	65	49	8367	8397	0.9964991820619654]
[50	65	50	8929	8921	1.0008769775510202]
[50	65	51	9420	9467	0.9949649352243781]
[50	65	52	9973	10035	0.9938137755102039]
[50	65	53	10537	10625	0.9916897918950487]
[50	65	54	11250	11238	1.001033655036279]
[50	65	55	11819	11874	0.9953847739922415]
[50	65	56	12581	12534	1.0037991336094612]
[50	65	57	13172	13217	0.9965572461388047]
[50	65	58	13925	13925	0.9999724808111258]
[50	65	59	14607	14658	0.996513860798021]
[50	65	60	15430	15416	1.0009431273030045]
[50	65	61	16171	16200	0.9982224712978314]
[50	65	62	17010	17009	1.0000022756324844]
[50	65	63	17845	17846	0.9999396549673151]
[50	65	64	18739	18709	1.0015681882293854]
[50	70	1	4	0	68.77500000000002]
[50	70	2	4	0	8.815625000000002]
[50	70	3	5	2	3.3185185185185184]
[50	70	4	6	4	1.7417968750000004]
[50	70	5	11	7	1.4840000000000002]
[50	70	6	16	12	1.3003472222222223]
[50	70	7	20	20	1.0413265306122446]
[50	70	8	30	29	1.0417968750000002]
[50	70	9	45	42	1.0843278463648838]
[50	70	10	60	57	1.0585750000000003]
[50	70	11	81	76	1.0657776108189332]
[50	70	12	101	99	1.0244791666666666]
[50	70	13	124	126	0.9880291306326809]
[50	70	14	159	157	1.0118622448979588]
[50	70	15	195	193	1.0099185185185187]
[50	70	16	241	234	1.031671142578125]
[50	70	17	278	281	0.9905149603093832]
[50	70	18	342	333	1.025214334705076]
[50	70	19	393	392	1.0037942848811783]
[50	70	20	460	457	1.0058781250000002]
[50	70	21	525	529	0.991175359032502]
[50	70	22	606	608	0.9965862133734036]
[50	70	23	715	695	1.0288711268184434]
[50	70	24	793	790	1.0039586950231483]
[50	70	25	894	893	1.0007424]
[50	70	26	992	1004	0.9881983955393718]
[50	70	27	1146	1125	1.019041812731799]
[50	70	28	1240	1254	0.988520408163265]
[50	70	29	1409	1394	1.0112960760998808]
[50	70	30	1542	1543	0.9992500000000002]
[50	70	31	1721	1702	1.0107952066060222]
[50	70	32	1848	1872	0.987114715576172]
[50	70	33	2045	2054	0.9958350724879651]
[50	70	34	2250	2246	1.0019043863220027]
[50	70	35	2446	2450	0.9985387755102041]
[50	70	36	2671	2666	1.001981524348423]
[50	70	37	2906	2894	1.0040224665863817]
[50	70	38	3115	3136	0.9933463332847355]
[50	70	39	3410	3390	1.006119455823598]
[50	70	40	3678	3657	1.00559375]
[50	70	41	3938	3938	0.9998189956616994]
[50	70	42	4234	4234	1.0000803099017386]
[50	70	43	4633	4543	1.019704554315972]
[50	70	44	4891	4868	1.0047626314800904]
[50	70	45	5237	5207	1.0057665294924552]
[50	70	46	5539	5562	0.9959031088189365]
[50	70	47	5942	5933	1.0014760698496483]
[50	70	48	6322	6320	1.0003983109085648]
[50	70	49	6705	6723	0.9972868447670616]
[50	70	50	7123	7143	0.9972102]
[50	70	51	7582	7580	1.000235203654703]
[50	70	52	8093	8035	1.0071983813154302]
[50	70	53	8524	8507	1.0019939278733452]
[50	70	54	8986	8998	0.9986627102067773]
[50	70	55	9546	9507	1.004044027047333]
[50	70	56	9986	10035	0.9950763313137754]
[50	70	57	10664	10582	1.0076724012246685]
[50	70	58	11189	11149	1.003560134691869]
[50	70	59	11736	11736	1.0000457690416256]
[50	70	60	12389	12343	1.003742476851852]
[50	70	61	12918	12970	0.995965961908706]
[50	70	62	13630	13619	1.0007957520727737]
[50	70	63	14233	14288	0.9960912348478485]
[50	70	64	14975	14980	0.9996957778930666]
[50	70	65	15654	15693	0.997499681383705]
[50	70	66	16424	16428	0.9997204308929516]
[50	70	67	17160	17186	0.9984402170479747]
[50	70	68	18010	17968	1.002379131258905]
[50	70	69	18753	18772	0.9990036802644675]
[50	75	1	3	0	66.29464285714285]
[50	75	2	3	0	9.04017857142857]
[50	75	3	4	1	3.3402423469387754]
[50	75	4	6	3	1.9506337691326525]
[50	75	5	9	6	1.549744897959184]
[50	75	6	13	10	1.3024154974489794]
[50	75	7	18	16	1.121393801689772]
[50	75	8	28	24	1.1590295908402422]
[50	75	9	36	34	1.0599726001511718]
[50	75	10	49	46	1.0648038903061225]
[50	75	11	63	62	1.0196115683313143]
[50	75	12	84	80	1.0410853794642856]
[50	75	13	106	102	1.039864483572218]
[50	75	14	131	127	1.024048410818409]
[50	75	15	159	157	1.0116709183673467]
[50	75	16	193	190	1.0130999039630497]
[50	75	17	236	228	1.0349857936254088]
[50	75	18	280	271	1.0344697774943314]
[50	75	19	324	319	1.0170899120327528]
[50	75	20	377	372	1.014195033482143]
[50	75	21	433	430	1.0073462694115545]
[50	75	22	503	495	1.0171656325706464]
[50	75	23	571	565	1.0102255463087677]
[50	75	24	648	642	1.0082634127869896]
[50	75	25	736	726	1.0142219387755105]
[50	75	26	836	817	1.0238829597468253]
[50	75	27	905	914	0.989121857590773]
[50	75	28	1006	1020	0.9861711701922933]
[50	75	29	1120	1133	0.9881696807736176]
[50	75	30	1243	1254	0.9909438775510201]
[50	75	31	1365	1384	0.9865340464590387]
[50	75	32	1544	1522	1.0140063811321647]
[50	75	33	1643	1670	0.9842259828424232]
[50	75	34	1800	1826	0.985791767507176]
[50	75	35	1975	1992	0.9913497724162551]
[50	75	36	2160	2168	0.9963124247094673]
[50	75	37	2343	2353	0.9956525493886575]
[50	75	38	2545	2549	0.9984927410377693]
[50	75	39	2747	2756	0.9967536030115276]
[50	75	40	2980	2973	1.0021448252152425]
[50	75	41	3216	3202	1.0043695538059105]
[50	75	42	3441	3442	0.9996910002156837]
[50	75	43	3673	3694	0.9943131411160562]
[50	75	44	3986	3958	1.0070660403853267]
[50	75	45	4239	4234	1.0012046485260773]
[50	75	46	4528	4522	1.0013337747438709]
[50	75	47	4821	4824	0.9995232393160491]
[50	75	48	5179	5138	1.007878050512197]
[50	75	49	5460	5466	0.9988464096592407]
[50	75	50	5819	5807	1.0020047831632655]
[50	75	51	6168	6163	1.0008263686097276]
[50	75	52	6531	6533	0.9998387265355759]
[50	75	53	6907	6917	0.9985910738634675]
[50	75	54	7285	7316	0.9957952123750735]
[50	75	55	7776	7730	1.0060508153298888]
[50	75	56	8127	8159	0.9961148038060544]
[50	75	57	8565	8604	0.9954893168814398]
[50	75	58	9091	9065	1.0028915283273199]
[50	75	59	9528	9542	0.9985415465345256]
[50	75	60	10061	10035	1.0025579958545916]
[50	75	61	10599	10545	1.0050620204410707]
[50	75	62	11089	11073	1.0014773173816705]
[50	75	63	11638	11617	1.0018190240948988]
[50	75	64	12132	12179	0.9961338371646645]
[50	75	65	12748	12759	0.9991712376803246]
[50	75	66	13298	13357	0.9956014183941797]
[50	75	67	13882	13973	0.9935006997424307]
[50	75	68	14562	14608	0.9968437205250831]
[50	75	69	15215	15262	0.996914302110258]
[50	75	70	15954	15936	1.0011574185979055]
[50	75	71	16630	16628	1.0001034418030843]
[50	75	72	17317	17341	0.9986145065665156]
[50	75	73	18057	18073	0.9990880730095578]
[50	75	74	18844	18826	1.0009143075490219]
[50	80	1	3	0	79.41224489795917]
[50	80	2	3	0	10.253061224489795]
[50	80	3	3	1	3.3185185185185193]
[50	80	4	6	2	2.285714285714285]
[50	80	5	7	5	1.487934693877551]
[50	80	6	10	8	1.2287226001511717]
[50	80	7	16	13	1.1926459213422982]
[50	80	8	22	20	1.1137755102040812]
[50	80	9	29	28	1.0527812771199012]
[50	80	10	39	38	1.0234775510204082]
[50	80	11	52	51	1.0229166347230096]
[50	80	12	69	66	1.0383975812547241]
[50	80	13	86	84	1.0211178508727112]
[50	80	14	108	105	1.0272862497768789]
[50	80	15	129	129	0.9975292517006802]
[50	80	16	159	157	1.0145408163265304]
[50	80	17	184	188	0.9759363953193736]
[50	80	18	226	223	1.0110355253212395]
[50	80	19	261	263	0.992797783933518]
[50	80	20	300	306	0.9799183673469388]
[50	80	21	359	355	1.0135882535715937]
[50	80	22	406	408	0.9960778300801909]
[50	80	23	464	466	0.9965906441478541]
[50	80	24	539	529	1.0190854119425548]
[50	80	25	594	598	0.9935056979591836]
[50	80	26	695	673	1.0334389194913285]
[50	80	27	763	753	1.0119844432209706]
[50	80	28	835	840	0.9935146070089845]
[50	80	29	937	934	1.0038115209181793]
[50	80	30	1029	1034	0.9957780801209373]
[50	80	31	1123	1140	0.9849647784326041]
[50	80	32	1255	1254	1.0002630739795917]
[50	80	33	1372	1376	0.9970609564470251]
[50	80	34	1495	1505	0.9936951943407121]
[50	80	35	1644	1641	1.001846944725412]
[50	80	36	1809	1786	1.0129615632261133]
[50	80	37	1938	1939	0.9996543912019232]
[50	80	38	2080	2101	0.9901604029860961]
[50	80	39	2257	2271	0.9940613720833502]
[50	80	40	2450	2450	1.0001469387755102]
[50	80	41	2644	2638	1.002008037004213]
[50	80	42	2830	2836	0.9978135212620843]
[50	80	43	3035	3044	0.997040589161319]
[50	80	44	3242	3261	0.9943390729695329]
[50	80	45	3458	3488	0.9912168640295623]
[50	80	46	3723	3726	0.999081154611923]
[50	80	47	3963	3974	0.997173407567471]
[50	80	48	4217	4234	0.996055366591081]
[50	80	49	4488	4504	0.9964316894893682]
[50	80	50	4801	4785	1.0032336979591836]
[50	80	51	5093	5078	1.002881798624871]
[50	80	52	5378	5383	0.9990952411916062]
[50	80	53	5692	5699	0.998712510656311]
[50	80	54	6030	6028	1.0003154073700808]
[50	80	55	6363	6369	0.9990543369263559]
[50	80	56	6694	6723	0.9956669839947644]
[50	80	57	7115	7089	1.0036632715323903]
[50	80	58	7544	7469	1.0099822519519925]
[50	80	59	7798	7862	0.991824790623527]
[50	80	60	8230	8269	0.995372940287226]
[50	80	61	8724	8689	1.0040272902460865]
[50	80	62	9081	9123	0.9953347093595586]
[50	80	63	9533	9572	0.9959547360198324]
[50	80	64	10020	10035	0.9985271843112242]
[50	80	65	10449	10513	0.9938772612003381]
[50	80	66	11051	11006	1.00408458566664]
[50	80	67	11530	11514	1.0014084586365275]
[50	80	68	12050	12037	1.0011298637101902]
[50	80	69	12604	12576	1.0022316662526125]
[50	80	70	13093	13130	0.9971441423216516]
[50	80	71	13754	13701	1.0038587292166297]
[50	80	72	14224	14288	0.9954648526077097]
[50	80	73	14847	14892	0.9969677102931286]
[50	80	74	15485	15512	0.9982335997988715]
[50	80	75	16198	16150	1.0029621018896446]
[50	80	76	16801	16805	0.9997869624595721]
[50	80	77	17450	17477	0.9984794625794761]
[50	80	78	18168	18166	1.000103281083839]
[50	80	79	18876	18874	1.0001219011899998]
[50	85	1	3	0	91.17876275510206]
[50	85	2	3	0	10.927351721938777]
[50	85	3	3	1	3.7483441987906274]
[50	85	4	5	2	2.2863231425382655]
[50	85	5	6	4	1.4839265306122449]
[50	85	6	9	7	1.2736246929327286]
[50	85	7	14	11	1.235046409234248]
[50	85	8	18	16	1.1162348533163264]
[50	85	9	26	23	1.0960070756697742]
[50	85	10	33	32	1.045892474489796]
[50	85	11	43	42	1.0070787462242596]
[50	85	12	57	55	1.0288363479072185]
[50	85	13	73	70	1.0429565653070512]
[50	85	14	86	88	0.9769838274230978]
[50	85	15	106	108	0.981671617535903]
[50	85	16	135	131	1.0328538232920124]
[50	85	17	156	157	0.9938137755102039]
[50	85	18	191	186	1.0248203415882815]
[50	85	19	218	219	0.9950790764257298]
[50	85	20	264	255	1.0346517936862245]
[50	85	21	298	296	1.0088039333809327]
[50	85	22	348	340	1.0225862993816983]
[50	85	23	386	388	0.9927796026974941]
[50	85	24	447	441	1.0127664463680437]
[50	85	25	508	499	1.0179535469387755]
[50	85	26	564	561	1.005590967042256]
[50	85	27	640	628	1.0186737078614407]
[50	85	28	706	701	1.0070578240976602]
[50	85	29	783	778	1.0053792259349104]
[50	85	30	866	862	1.0045446404950868]
[50	85	31	947	951	0.9957619459787541]
[50	85	32	1018	1046	0.9733683430418677]
[50	85	33	1136	1147	0.9906350072377227]
[50	85	34	1240	1254	0.9887755102040813]
[50	85	35	1385	1368	1.0122411138216219]
[50	85	36	1514	1489	1.016512984035564]
[50	85	37	1650	1617	1.0205077403397345]
[50	85	38	1752	1751	1.0005208794362983]
[50	85	39	1878	1893	0.9918944733610837]
[50	85	40	2040	2043	0.9988392588089924]
[50	85	41	2174	2200	0.9881906698707688]
[50	85	42	2352	2365	0.9945517062307592]
[50	85	43	2525	2537	0.9949982584000435]
[50	85	44	2719	2719	1.0002776395382764]
[50	85	45	2936	2908	1.009595298983791]
[50	85	46	3111	3107	1.0012875418233582]
[50	85	47	3321	3314	1.00227099307259]
[50	85	48	3541	3530	1.0032185676326737]
[50	85	49	3759	3755	1.001194131094031]
[50	85	50	3986	3989	0.999223987755102]
[50	85	51	4188	4234	0.9892148526077098]
[50	85	52	4489	4488	1.000265121392634]
[50	85	53	4716	4751	0.9924469310064615]
[50	85	54	5030	5026	1.000842699500735]
[50	85	55	5318	5310	1.0016059629862462]
[50	85	56	5601	5605	0.999323440164092]
[50	85	57	5866	5910	0.9923957140768868]
[50	85	58	6260	6227	1.0052491485659518]
[50	85	59	6555	6555	0.9999896442699118]
[50	85	60	6902	6894	1.001151692708333]
[50	85	61	7236	7244	0.9988179787524245]
[50	85	62	7627	7606	1.0027088043728452]
[50	85	63	8037	7980	1.0071398421484516]
[50	85	64	8309	8366	0.993136675260505]
[50	85	65	8780	8765	1.001692394545438]
[50	85	66	9183	9176	1.0008055382704881]
[50	85	67	9611	9599	1.0012345726552476]
[50	85	68	10051	10035	1.0015326052295916]
[50	85	69	10527	10484	1.0040190813661427]
[50	85	70	10952	10947	1.0004844220414113]
[50	85	71	11460	11423	1.003248184340834]
[50	85	72	11918	11912	1.0004951294010243]
[50	85	73	12371	12416	0.9964138161581838]
[50	85	74	12859	12933	0.9943054853171155]
[50	85	75	13469	13464	1.0003848371882087]
[50	85	76	14000	14010	0.9992946179499189]
[50	85	77	14610	14570	1.0027144184974537]
[50	85	78	15192	15145	1.0030436727585132]
[50	85	79	15747	15736	1.0007320546753948]
[50	85	80	16306	16341	0.9978937638263313]
[50	85	81	16972	16961	1.0006448203889935]
[50	85	82	17621	17597	1.0013780776789247]
[50	85	83	18271	18249	1.001193565510141]
[50	85	84	18879	18916	0.9980497398751471]
[50	90	1	3	0	98.56377551020407]
[50	90	2	3	0	11.66957908163265]
[50	90	3	3	1	4.38061224489796]
[50	90	4	4	2	2.266501913265306]
[50	90	5	5	3	1.5859469387755105]
[50	90	6	8	6	1.3241709183673471]
[50	90	7	12	9	1.2730499196763254]
[50	90	8	15	14	1.1012874681122446]
[50	90	9	20	20	1.0321428571428568]
[50	90	10	27	27	0.9979117346938777]
[50	90	11	38	36	1.0630015792943774]
[50	90	12	49	46	1.044140625]
[50	90	13	60	59	1.0237204258125647]
[50	90	14	75	74	1.0119879365740465]
[50	90	15	91	91	1.0063836734693878]
[50	90	16	111	110	1.0072131098533161]
[50	90	17	134	132	1.0111162804222036]
[50	90	18	160	157	1.0211096938775508]
[50	90	19	182	184	0.985022285630975]
[50	90	20	218	215	1.0126963010204084]
[50	90	21	253	249	1.0151306003450942]
[50	90	22	279	286	0.9734051330900506]
[50	90	23	331	327	1.0131640368812935]
[50	90	24	383	372	1.0298808195153062]
[50	90	25	429	420	1.0220520489795917]
[50	90	26	468	473	0.9899251240095496]
[50	90	27	529	529	0.9998866213151928]
[50	90	28	601	590	1.0190871688507765]
[50	90	29	646	656	0.9850605324749112]
[50	90	30	723	726	0.9959005102040819]
[50	90	31	797	801	0.995424073425819]
[50	90	32	886	881	1.005192690479512]
[50	90	33	962	966	0.9959041843634526]
[50	90	34	1046	1057	0.9896633696731288]
[50	90	35	1159	1153	1.005080502171714]
[50	90	36	1226	1254	0.9770647321428569]
[50	90	37	1353	1362	0.9934619582537773]
[50	90	38	1482	1475	1.004638680446665]
[50	90	39	1618	1595	1.0147729278329447]
[50	90	40	1746	1721	1.0147884566326533]
[50	90	41	1837	1853	0.991127981785712]
[50	90	42	2004	1992	1.005868276610936]
[50	90	43	2128	2138	0.9956555936674037]
[50	90	44	2300	2290	1.0044495157661113]
[50	90	45	2429	2450	0.9915346938775511]
[50	90	46	2620	2617	1.0009973867084438]
[50	90	47	2782	2791	0.9966682405121587]
[50	90	48	2954	2973	0.993387152224171]
[50	90	49	3146	3163	0.9946577817690501]
[50	90	50	3389	3361	1.0084866979591833]
[50	90	51	3518	3566	0.986514952001562]
[50	90	52	3786	3780	1.001357755067207]
[50	90	53	4066	4003	1.0159094797198014]
[50	90	54	4197	4234	0.9912391345427062]
[50	90	55	4468	4473	0.998807908738251]
[50	90	56	4725	4722	1.0007079511606025]
[50	90	57	4987	4979	1.0015050983215856]
[50	90	58	5217	5246	0.9944546972916026]
[50	90	59	5499	5522	0.9958691999092568]
[50	90	60	5808	5807	1.0000676020408166]
[50	90	61	6096	6103	0.9988637433376828]
[50	90	62	6381	6408	0.9958641674755903]
[50	90	63	6708	6723	0.9978104361278041]
[50	90	64	6939	7048	0.9844663658920598]
[50	90	65	7323	7384	0.9917739830752511]
[50	90	66	7746	7730	1.0021450804213499]
[50	90	67	8068	8086	0.9977458639716796]
[50	90	68	8487	8454	1.0039112914845871]
[50	90	69	8867	8832	1.0039705509885384]
[50	90	70	9194	9222	0.9969466457428452]
[50	90	71	9607	9623	0.998361484119955]
[50	90	72	9958	10035	0.9923499282525508]
[50	90	73	10508	10459	1.004672682842201]
[50	90	74	10954	10895	1.00542809504806]
[50	90	75	11339	11343	0.9996603428571427]
[50	90	76	11881	11802	1.0066526822813613]
[50	90	77	12277	12274	1.0002156828236528]
[50	90	78	12718	12759	0.9967752582371135]
[50	90	79	13260	13256	1.0003343228095007]
[50	90	80	13761	13766	0.9996225077726405]
[50	90	81	14343	14288	1.003795386467344]
[50	90	82	14795	14824	0.9980416955126677]
[50	90	83	15375	15373	1.000149063642687]
[50	90	84	15955	15936	1.0012051107797346]
[50	90	85	16503	16511	0.9994698197618148]
[50	90	86	17133	17101	1.0018727397382285]
[50	90	87	17716	17705	1.0006542134669276]
[50	90	88	18320	18322	0.9999074737015863]
[50	90	89	18961	18954	1.0003925820330613]
[50	95	1	2	0	96.67340561224489]
[50	95	2	2	0	11.646739477040816]
[50	95	3	3	1	4.5363756613756605]
[50	95	4	3	1	2.248695591517857]
[50	95	5	5	3	1.5992668367346943]
[50	95	6	7	5	1.3163590088813302]
[50	95	7	10	8	1.2625710269530557]
[50	95	8	13	12	1.1499788245376277]
[50	95	9	17	17	1.036285815766636]
[50	95	10	25	23	1.1115254464285718]
[50	95	11	34	30	1.1121594167343873]
[50	95	12	43	40	1.0913122475552721]
[50	95	13	52	50	1.0373430721856332]
[50	95	14	63	63	1.0083032506916765]
[50	95	15	77	77	0.9947623771730916]
[50	95	16	95	94	1.0182994141870616]
[50	95	17	112	112	0.993112893946506]
[50	95	18	130	133	0.9726805485568714]
[50	95	19	159	157	1.015051020408163]
[50	95	20	185	183	1.0138131297831634]
[50	95	21	220	212	1.0406646040340335]
[50	95	22	244	243	1.0009106098299574]
[50	95	23	274	278	0.9862897958764337]
[50	95	24	326	316	1.0324241678550758]
[50	95	25	358	357	1.0033457183673469]
[50	95	26	405	402	1.0070540482209038]
[50	95	27	449	450	0.9967714324336655]
[50	95	28	513	502	1.0218934249401295]
[50	95	29	553	558	0.992656847119101]
[50	95	30	611	617	0.9905824310279668]
[50	95	31	665	681	0.9759683640415985]
[50	95	32	732	749	0.9765555459625866]
[50	95	33	826	822	1.0048483513949864]
[50	95	34	911	899	1.0136691911842592]
[50	95	35	973	980	0.993202136014756]
[50	95	36	1068	1067	1.0013704243914645]
[50	95	37	1197	1158	1.0337823648155096]
[50	95	38	1268	1254	1.0109454719387754]
[50	95	39	1356	1356	1.000021729409409]
[50	95	40	1505	1463	1.0284193987165182]
[50	95	41	1563	1576	0.992068367280314]
[50	95	42	1717	1694	1.0136997617215822]
[50	95	43	1807	1818	0.9943948123037812]
[50	95	44	1932	1947	0.9922578107331165]
[50	95	45	2097	2083	1.0068785805268612]
[50	95	46	2239	2225	1.0061536500747255]
[50	95	47	2370	2373	0.9985830181547206]
[50	95	48	2536	2528	1.0031620766660612]
[50	95	49	2683	2690	0.9976382120562355]
[50	95	50	2848	2858	0.996700187244898]
[50	95	51	3032	3032	0.9999192381681622]
[50	95	52	3192	3214	0.9930077311296187]
[50	95	53	3418	3403	1.0043430172736763]
[50	95	54	3618	3600	1.0052054641968051]
[50	95	55	3767	3803	0.9904949608242996]
[50	95	56	4007	4015	0.9980134761644844]
[50	95	57	4245	4234	1.0026147959183676]
[50	95	58	4473	4460	1.0028242037043507]
[50	95	59	4687	4695	0.9982084251579282]
[50	95	60	4943	4938	1.001007994378307]
[50	95	61	5212	5189	1.0044453520743306]
[50	95	62	5476	5448	1.0050490408433856]
[50	95	63	5727	5716	1.0018170721659432]
[50	95	64	5995	5993	1.0002976213182724]
[50	95	65	6270	6278	0.9987260350385033]
[50	95	66	6525	6572	0.9927308190055385]
[50	95	67	6821	6876	0.9920013892642571]
[50	95	68	7218	7188	1.0041381142773935]
[50	95	69	7496	7510	0.9981728215084467]
[50	95	70	7818	7841	0.9970944256857264]
[50	95	71	8214	8182	1.0039653345726867]
[50	95	72	8603	8533	1.0082229449798987]
[50	95	73	8894	8893	1.0001536565240081]
[50	95	74	9295	9264	1.003397892497201]
[50	95	75	9563	9644	0.9915646211640211]
[50	95	76	10037	10035	1.0001773756377548]
[50	95	77	10418	10437	0.998179346245708]
[50	95	78	10846	10848	0.9998115618004143]
[50	95	79	11243	11271	0.997493069819041]
[50	95	80	11753	11705	1.0041553581393499]
[50	95	81	12038	12149	0.9908269072403415]
[50	95	82	12735	12605	1.0103839979998543]
[50	95	83	13060	13071	0.9991383746063137]
[50	95	84	13503	13549	0.99653971276694]
[50	95	85	14038	14039	0.9999138564076149]
[50	95	86	14514	14541	0.9981553322509402]
[50	95	87	15015	15054	0.9974158127004955]
[50	95	88	15593	15579	1.000900339445273]
[50	95	89	16171	16116	1.003432231902164]
[50	95	90	16659	16665	0.9996413812078333]
[50	95	91	17245	17227	1.0010297083547428]
[50	95	92	17836	17801	1.001947186832734]
[50	95	93	18438	18388	1.0027266001899398]
[50	95	94	18981	18988	0.999659513298929]
[50	100	1	2	0	101.53061224489794]
[50	100	2	2	0	13.137755102040815]
[50	100	3	2	1	4.53514739229025]
[50	100	4	3	1	2.2321428571428568]
[50	100	5	5	2	1.9183673469387752]
[50	100	6	6	4	1.509353741496599]
[50	100	7	8	7	1.2360921044802757]
[50	100	8	12	10	1.1559311224489794]
[50	100	9	15	14	1.0589009266257945]
[50	100	10	21	20	1.0673469387755101]
[50	100	11	27	26	1.0257746975574604]
[50	100	12	35	34	1.0339899848828422]
[50	100	13	44	43	1.0169247489619424]
[50	100	14	56	54	1.0334235735110366]
[50	100	15	68	66	1.033408919123205]
[50	100	16	78	80	0.9776835538903059]
[50	100	17	97	96	1.0031694338635107]
[50	100	18	117	114	1.0199707454998461]
[50	100	19	134	134	0.9975720861314346]
[50	100	20	156	157	0.9945790816326527]
[50	100	21	184	182	1.0126953275641324]
[50	100	22	208	209	0.9951087873165796]
[50	100	23	238	238	0.9993575798035166]
[50	100	24	272	271	1.0045011928382466]
[50	100	25	303	306	0.9887020408163266]
[50	100	26	346	344	1.0041812583021372]
[50	100	27	392	386	1.0167532948250173]
[50	100	28	439	430	1.0196876673409887]
[50	100	29	473	478	0.9903678556994164]
[50	100	30	528	529	0.9967876039304612]
[50	100	31	591	584	1.012341763263662]
[50	100	32	655	642	1.019660794005102]
[50	100	33	717	704	1.0178668679258998]
[50	100	34	750	770	0.9733781055674865]
[50	100	35	837	840	0.9955970726483016]
[50	100	36	915	914	1.0001338498362309]
[50	100	37	982	993	0.9893948300501573]
[50	100	38	1078	1075	1.0022583169439228]
[50	100	39	1165	1163	1.0016665342109128]
[50	100	40	1270	1254	1.0120854591836732]
[50	100	41	1352	1351	1.0006132427869947]
[50	100	42	1445	1452	0.9951899451066467]
[50	100	43	1556	1558	0.9984039397891548]
[50	100	44	1677	1670	1.0045241800702251]
[50	100	45	1789	1786	1.001410934744268]
[50	100	46	1937	1908	1.015129792362412]
[50	100	47	2023	2035	0.9940485445500163]
[50	100	48	2183	2168	1.0070800781250002]
[50	100	49	2316	2306	1.0043061330304377]
[50	100	50	2449	2450	0.9996204081632654]
[50	100	51	2569	2600	0.9879615052480043]
[50	100	52	2771	2756	1.0055709954669168]
[50	100	53	2921	2918	1.0009666930912562]
[50	100	54	3088	3086	1.0006433605297018]
[50	100	55	3316	3261	1.0169183826798935]
[50	100	56	3418	3442	0.9929857397587312]
[50	100	57	3624	3630	0.998293892405904]
[50	100	58	3851	3824	1.0069778864844559]
[50	100	59	4048	4025	1.0057240118840518]
[50	100	60	4215	4234	0.9955215419501136]
[50	100	61	4441	4449	0.9982585074773408]
[50	100	62	4676	4671	1.0009657416052924]
[50	100	63	4829	4901	0.9852413052468584]
[50	100	64	5141	5138	1.0005250269052932]
[50	100	65	5338	5383	0.9917642796763675]
[50	100	66	5568	5635	0.9881468448469628]
[50	100	67	5949	5895	1.0092426832517865]
[50	100	68	6156	6163	0.998900317047234]
[50	100	69	6460	6439	1.0033008756135717]
[50	100	70	6683	6723	0.9940857975843401]
[50	100	71	7056	7015	1.005866582155101]
[50	100	72	7309	7316	0.9991018172958485]
[50	100	73	7680	7625	1.007231308762384]
[50	100	74	7968	7942	1.0031967202216603]
[50	100	75	8219	8269	0.9939422524565381]
[50	100	76	8673	8604	1.0080777508918715]
[50	100	77	8914	8948	0.9962475833273469]
[50	100	78	9361	9301	1.006446552727195]
[50	100	79	9733	9664	1.0071946123730493]
[50	100	80	9981	10035	0.9945551658163262]
[50	100	81	10454	10416	1.00359212029181]
[50	100	82	10836	10807	1.0026989641201152]
[50	100	83	11248	11207	1.0036115560800205]
[50	100	84	11603	11617	0.9988079192642396]
[50	100	85	11970	12037	0.9944860989378451]
[50	100	86	12490	12467	1.0018731825178786]
[50	100	87	12979	12907	1.0056150240835373]
[50	100	88	13400	13357	1.0032431895325749]
[50	100	89	13811	13817	0.9995692095999242]
[50	100	90	14334	14288	1.0031683043587805]
[50	100	91	14796	14770	1.0017561553657213]
[50	100	92	15240	15262	0.9985529820541679]
[50	100	93	15737	15765	0.9982089128715386]
[50	100	94	16282	16279	1.0001544032848686]
[50	100	95	16779	16805	0.9984760079859324]
[50	100	96	17343	17341	1.0001075150654881]
[50	100	97	17888	17888	0.9999529974490495]
[50	100	98	18472	18447	1.0013176300448186]
[50	100	99	19027	19018	1.0005005610410307]
[50	110	1	2	0	114.08571428571429]
[50	110	2	1	0	12.138584183673471]
[50	110	3	2	0	4.451757369614514]
[50	110	4	3	1	2.960371492346939]
[50	110	5	3	2	1.8796979591836733]
[50	110	6	5	3	1.4713435374149662]
[50	110	7	6	5	1.257191943832927]
[50	110	8	9	8	1.1525819116709184]
[50	110	9	12	11	1.1625430419081213]
[50	110	10	16	15	1.1123357142857142]
[50	110	11	21	20	1.0882653061224485]
[50	110	12	27	25	1.0567421934051402]
[50	110	13	33	32	1.011358717360408]
[50	110	14	42	40	1.0317388216219436]
[50	110	15	49	50	0.9937730914588061]
[50	110	16	61	60	1.0124881666533803]
[50	110	17	72	72	0.9979583528913297]
[50	110	18	86	86	1.0061633037988857]
[50	110	19	107	101	1.0568882386020453]
[50	110	20	119	118	1.0098792729591837]
[50	110	21	137	136	1.007000114590702]
[50	110	22	155	157	0.9875637755102038]
[50	110	23	177	179	0.9880087993116211]
[50	110	24	200	204	0.9808956916099776]
[50	110	25	236	230	1.0243376000000002]
[50	110	26	259	259	1.0013904048191877]
[50	110	27	291	290	1.0041148116006042]
[50	110	28	331	323	1.024995026253942]
[50	110	29	365	359	1.016993588611795]
[50	110	30	394	398	0.9902267762660623]
[50	110	31	434	439	0.990049093720265]
[50	110	32	494	483	1.024072841722138]
[50	110	33	533	529	1.0079554043839758]
[50	110	34	594	579	1.02714034143069]
[50	110	35	631	631	0.9996081632653062]
[50	110	36	695	687	1.011228470297584]
[50	110	37	748	746	1.002983716338094]
[50	110	38	808	808	1.0004424861867767]
[50	110	39	872	874	0.9986743759355763]
[50	110	40	942	942	0.9995232780612244]
[50	110	41	1017	1015	1.0016210218798274]
[50	110	42	1095	1091	1.0033062654118983]
[50	110	43	1188	1171	1.0146807058189973]
[50	110	44	1254	1254	0.9997130102040813]
[50	110	45	1330	1342	0.9909934212368072]
[50	110	46	1438	1433	1.0028970236487793]
[50	110	47	1558	1529	1.0188481053016645]
[50	110	48	1657	1629	1.0172040113245822]
[50	110	49	1740	1732	1.004587591141481]
[50	110	50	1850	1841	1.004997355102041]
[50	110	51	1964	1953	1.0056270797438547]
[50	110	52	2100	2071	1.014193697719757]
[50	110	53	2179	2192	0.9939386478880732]
[50	110	54	2336	2319	1.007444150499706]
[50	110	55	2474	2450	1.0096367346938777]
[50	110	56	2575	2586	0.9958776070331562]
[50	110	57	2748	2727	1.007759298986154]
[50	110	58	2878	2873	1.0015333370012076]
[50	110	59	3063	3024	1.012880745810806]
[50	110	60	3196	3181	1.0049276360544221]
[50	110	61	3361	3342	1.0055916664426374]
[50	110	62	3508	3510	0.9994776171100848]
[50	110	63	3659	3682	0.9937306378237625]
[50	110	64	3907	3860	1.0120892310629086]
[50	110	65	4033	4044	0.9971551856427594]
[50	110	66	4224	4234	0.9976804610733183]
[50	110	67	4465	4429	1.0081290309469377]
[50	110	68	4582	4630	0.9896629104712822]
[50	110	69	4879	4838	1.008570869148368]
[50	110	70	5111	5051	1.0118712292497174]
[50	110	71	5300	5271	1.0056569230898182]
[50	110	72	5467	5496	0.9946902650270499]
[50	110	73	5671	5729	0.9900106209617929]
[50	110	74	5991	5967	1.0040042894391088]
[50	110	75	6243	6212	1.0048927262282692]
[50	110	76	6498	6464	1.0051514554465903]
[50	110	77	6786	6723	1.0093606830487298]
[50	110	78	6967	6988	0.9970301624544017]
[50	110	79	7225	7260	0.9951450243349134]
[50	110	80	7577	7540	1.004973173429528]
[50	110	81	7765	7826	0.9921838819130536]
[50	110	82	8174	8119	1.0067704689027275]
[50	110	83	8436	8420	1.0019057108928424]
[50	110	84	8710	8728	0.9979579750996609]
[50	110	85	9071	9043	1.0030570631020574]
[50	110	86	9395	9366	1.0030209612207164]
[50	110	87	9734	9697	1.0037822368094211]
[50	110	88	10038	10035	1.0003019371811221]
[50	110	89	10377	10381	0.9996058822213084]
[50	110	90	10645	10735	0.9916147483273142]
[50	110	91	11091	11097	0.9994878487270094]
[50	110	92	11450	11467	0.9985357297224597]
[50	110	93	11856	11845	1.000987248833794]
[50	110	94	12236	12231	1.0004146000935266]
[50	110	95	12687	12626	1.0048546851894278]
[50	110	96	13067	13028	1.002991235319269]
[50	110	97	13471	13440	1.002327951153661]
[50	110	98	13834	13860	0.9981387139382609]
[50	110	99	14279	14288	0.9993491223649953]
[50	110	100	14755	14726	1.0019958142857144]
[50	110	101	15229	15172	1.003751940016578]
[50	110	102	15631	15627	1.0002742008952754]
[50	110	103	16069	16091	0.9986031795980633]
[50	110	104	16560	16564	0.9997344527055388]
[50	110	105	17105	17047	1.0033894915919073]
[50	110	106	17547	17539	1.0005018751440207]
[50	110	107	18086	18040	1.00257368017086]
[50	110	108	18553	18550	1.0001455884279866]
[50	110	109	19068	19070	0.9998914897044066]
[50	120	1	1	0	118.1387755102041]
[50	120	2	1	0	13.555102040816328]
[50	120	3	2	0	5.224489795918366]
[50	120	4	2	1	2.6448979591836737]
[50	120	5	3	1	1.7703183673469391]
[50	120	6	3	2	1.33469387755102]
[50	120	7	5	4	1.352008091866484]
[50	120	8	7	6	1.2001913265306123]
[50	120	9	9	8	1.1331821617535904]
[50	120	10	13	11	1.1082122448979594]
[50	120	11	16	15	1.0525276376516048]
[50	120	12	21	20	1.0790816326530608]
[50	120	13	26	25	1.054187063992643]
[50	120	14	33	31	1.0467781281608852]
[50	120	15	40	38	1.052995918367347]
[50	120	16	48	46	1.041342474489796]
[50	120	17	58	56	1.0366765391277621]
[50	120	18	68	66	1.032199546485261]
[50	120	19	78	78	0.99834390090779]
[50	120	20	94	91	1.0404367346938777]
[50	120	21	106	105	1.0081513655024694]
[50	120	22	119	121	0.9873656449807574]
[50	120	23	135	138	0.9814114122677094]
[50	120	24	159	157	1.0135841836734691]
[50	120	25	183	177	1.0333581061224486]
[50	120	26	206	199	1.0337213082775212]
[50	120	27	226	223	1.0110803169004225]
[50	120	28	248	249	0.9953709763788897]
[50	120	29	281	277	1.0165399088414733]
[50	120	30	313	306	1.022465306122449]
[50	120	31	331	338	0.9804171784520593]
[50	120	32	370	372	0.9955227598852041]
[50	120	33	420	408	1.0309388368420243]
[50	120	34	437	446	0.9792977398571887]
[50	120	35	475	486	0.975933932290117]
[50	120	36	530	529	1.0021730914588058]
[50	120	37	574	575	0.9988228027672875]
[50	120	38	601	622	0.9663704175357272]
[50	120	39	679	673	1.0090940336079812]
[50	120	40	723	726	0.9965066326530615]
[50	120	41	782	782	1.0009557822635735]
[50	120	42	833	840	0.9908252513833524]
[50	120	43	904	902	1.0025886566784132]
[50	120	44	958	966	0.9919402321409407]
[50	120	45	1040	1034	1.0058884353741497]
[50	120	46	1099	1104	0.9957496272117786]
[50	120	47	1167	1178	0.9910990191902349]
[50	120	48	1248	1254	0.9948501275510202]
[50	120	49	1320	1334	0.9892054903543072]
[50	120	50	1435	1418	1.0123399836734692]
[50	120	51	1493	1505	0.9925520381162848]
[50	120	52	1586	1595	0.9944074944497597]
[50	120	53	1680	1689	0.9947288358709486]
[50	120	54	1798	1786	1.0069147000363932]
[50	120	55	1900	1887	1.0068072678207272]
[50	120	56	1953	1992	0.9806918248348901]
[50	120	57	2097	2101	0.9981296732135047]
[50	120	58	2223	2213	1.0046740710306838]
[50	120	59	2285	2330	0.9809488103179281]
[50	120	60	2396	2450	0.9778244897959184]
[50	120	61	2556	2575	0.992758739403613]
[50	120	62	2705	2703	1.0007925965861486]
[50	120	63	2831	2836	0.9982718840694684]
[50	120	64	2972	2973	0.999524922273597]
[50	120	65	3081	3115	0.9890529906272936]
[50	120	66	3228	3261	0.9897514527974973]
[50	120	67	3389	3411	0.993409754388617]
[50	120	68	3573	3566	1.001947561031333]
[50	120	69	3747	3726	1.0056482657170702]
[50	120	70	3904	3891	1.0035549949425833]
[50	120	71	4018	4060	0.989681678360468]
[50	120	72	4242	4234	1.0020691609977326]
[50	120	73	4391	4412	0.9952019199832463]
[50	120	74	4556	4596	0.9911970884735152]
[50	120	75	4867	4785	1.017116212244898]
[50	120	76	4952	4979	0.9945259617187013]
[50	120	77	5189	5178	1.0020957154582604]
[50	120	78	5403	5383	1.0037212153864732]
[50	120	79	5623	5592	1.005539628835091]
[50	120	80	5826	5807	1.003127487244898]
[50	120	81	6032	6028	1.0005941105294425]
[50	120	82	6239	6254	0.9976890429711153]
[50	120	83	6402	6486	0.9871796487082048]
[50	120	84	6741	6723	1.0027324924138754]
[50	120	85	6999	6966	1.004733191823442]
[50	120	86	7204	7215	0.9985551265797928]
[50	120	87	7399	7469	0.9905904384797095]
[50	120	88	7675	7730	0.9929351013508336]
[50	120	89	7998	7996	1.0002205857597268]
[50	120	90	8306	8269	1.0045170068027212]
[50	120	91	8587	8547	1.0046670249968186]
[50	120	92	8904	8832	1.0081313958968972]
[50	120	93	9065	9123	0.993545920936264]
[50	120	94	9431	9421	1.0010173122348927]
[50	120	95	9819	9725	1.0096520382872496]
[50	120	96	10074	10035	1.0038813376913263]
[50	120	97	10281	10352	0.9931426319241639]
[50	120	98	10632	10676	0.9958936657136994]
[50	120	99	11041	11006	1.0032432039515866]
[50	120	100	11397	11343	1.0047835102040814]
[50	120	101	11659	11686	0.997647285519831]
[50	120	102	12015	12037	0.9981888949351367]
[50	120	103	12381	12394	0.9989190907010532]
[50	120	104	12737	12759	0.9982620665471468]
[50	120	105	13122	13130	0.9993763550901411]
[50	120	106	13488	13509	0.998426313572374]
[50	120	107	13916	13895	1.0015110539976546]
[50	120	108	14282	14288	0.9995681811819377]
[50	120	109	14647	14689	0.9971273482316314]
[50	120	110	15068	15097	0.9980830126190221]
[50	120	111	15470	15512	0.9972363383195063]
[50	120	112	15947	15936	1.00072254120307]
[50	120	113	16380	16366	1.0008161443574268]
[50	120	114	16770	16805	0.9979362732117194]
[50	120	115	17266	17251	1.000879646685665]
[50	120	116	17645	17705	0.9966580785415975]
[50	120	117	18160	18166	0.9996430919507843]
[50	120	118	18616	18636	0.998931512482001]
[50	120	119	19104	19114	0.9994741052170562]
[50	130	1	1	0	137.87295918367346]
[50	130	2	1	0	16.11320153061224]
[50	130	3	1	0	5.313983371126228]
[50	130	4	2	1	3.485355548469387]
[50	130	5	2	1	1.9369469387755098]
[50	130	6	3	2	1.7125141723356008]
[50	130	7	4	3	1.2679776283691315]
[50	130	8	6	5	1.2610331632653058]
[50	130	9	7	7	1.1485953640715543]
[50	130	10	10	9	1.1433367346938772]
[50	130	11	12	12	0.9794350572685874]
[50	130	12	16	15	1.0683753188775509]
[50	130	13	19	20	0.9561224489795915]
[50	130	14	25	24	1.0216533661569582]
[50	130	15	31	30	1.026595162509448]
[50	130	16	38	37	1.0273260622608416]
[50	130	17	43	44	0.9922397678794701]
[50	130	18	54	52	1.0298149197950783]
[50	130	19	60	61	0.9874017751144778]
[50	130	20	70	71	0.9836058673469387]
[50	130	21	84	83	1.014769419267545]
[50	130	22	99	95	1.0381758958279028]
[50	130	23	112	109	1.0323835969828055]
[50	130	24	122	123	0.9889120665627361]
[50	130	25	140	139	1.002477648979592]
[50	130	26	158	157	1.0073979591836733]
[50	130	27	178	176	1.013798139283148]
[50	130	28	200	196	1.0210916814794428]
[50	130	29	219	218	1.0050991748538356]
[50	130	30	239	241	0.9928015495086923]
[50	130	31	265	266	0.9981821143079098]
[50	130	32	285	292	0.9757408297791772]
[50	130	33	321	321	1.0004267388564911]
[50	130	34	347	351	0.9886463495432775]
[50	130	35	377	382	0.9868526090319512]
[50	130	36	420	416	1.0088169205439375]
[50	130	37	462	452	1.0222435603266242]
[50	130	38	496	490	1.013263465103201]
[50	130	39	532	529	1.004591836734694]
[50	130	40	579	571	1.013853148915816]
[50	130	41	627	615	1.0189930411304988]
[50	130	42	656	661	0.9923776799349475]
[50	130	43	711	709	1.002562628935509]
[50	130	44	743	760	0.9783428776986001]
[50	130	45	816	813	1.0035925030094344]
[50	130	46	861	868	0.9911103637641461]
[50	130	47	929	926	1.003291197911988]
[50	130	48	994	987	1.0071055025200184]
[50	130	49	1069	1050	1.018229367327684]
[50	130	50	1101	1115	0.9872959306122449]
[50	130	51	1175	1183	0.9931777324539965]
[50	130	52	1256	1254	1.001474808673469]
[50	130	53	1346	1328	1.013281533050225]
[50	130	54	1443	1405	1.0272735906205188]
[50	130	55	1481	1484	0.9975179717566965]
[50	130	56	1570	1567	1.0020454646873325]
[50	130	57	1666	1652	1.00858018556923]
[50	130	58	1760	1741	1.0110682294669475]
[50	130	59	1823	1832	0.9949031263355723]
[50	130	60	1920	1927	0.9961694940476189]
[50	130	61	2047	2025	1.011123371020266]
[50	130	62	2133	2126	1.0031816788764445]
[50	130	63	2246	2231	1.006951362531599]
[50	130	64	2346	2339	1.0029958257869795]
[50	130	65	2432	2450	0.9924775510204082]
[50	130	66	2558	2565	0.9972374380506022]
[50	130	67	2674	2683	0.9964281999244511]
[50	130	68	2816	2805	1.0037936060020893]
[50	130	69	2925	2931	0.9980438301910903]
[50	130	70	3041	3060	0.9937774662343072]
[50	130	71	3190	3193	0.9990930991338117]
[50	130	72	3283	3330	0.9860500680950105]
[50	130	73	3468	3471	0.999363108206855]
[50	130	74	3617	3615	1.0003991178776608]
[50	130	75	3735	3764	0.9922535449735452]
[50	130	76	3906	3916	0.9973705782064974]
[50	130	77	4085	4073	1.0030671699213731]
[50	130	78	4204	4234	0.9930909863945581]
[50	130	79	4385	4399	0.996824558855323]
[50	130	80	4644	4568	1.016681716358418]
[50	130	81	4725	4741	0.9966756077018013]
[50	130	82	4973	4919	1.0109851454075343]
[50	130	83	5072	5101	0.9943367924255228]
[50	130	84	5222	5288	0.9875570259181577]
[50	130	85	5506	5479	1.0049086779348415]
[50	130	86	5648	5674	0.9952702518427976]
[50	130	87	5912	5875	1.006311156997503]
[50	130	88	6113	6080	1.005468078434534]
[50	130	89	6258	6289	0.9949597631749967]
[50	130	90	6481	6504	0.9965640834523111]
[50	130	91	6793	6723	1.0104495150830013]
[50	130	92	6954	6947	1.0009982627240712]
[50	130	93	7170	7176	0.9991283403884045]
[50	130	94	7398	7410	0.998465191052197]
[50	130	95	7685	7649	1.0046827769859952]
[50	130	96	7861	7893	0.995977859900742]
[50	130	97	8139	8142	0.9995726317651782]
[50	130	98	8396	8397	0.9998993617689493]
[50	130	99	8706	8656	1.005696897428062]
[50	130	100	8879	8921	0.9952948040816326]
[50	130	101	9192	9192	1.0000164014879027]
[50	130	102	9378	9467	0.9905613605496025]
[50	130	103	9744	9748	0.9995663344447203]
[50	130	104	10009	10035	0.9973493303571427]
[50	130	105	10368	10327	1.003906157707657]
[50	130	106	10629	10625	1.0003097359818878]
[50	130	107	10935	10929	1.0005872005459135]
[50	130	108	11166	11238	0.993616106016976]
[50	130	109	11556	11553	1.0002721674927113]
[50	130	110	11953	11874	1.0066369079562705]
[50	130	111	12158	12201	0.9964841680875284]
[50	130	112	12539	12534	1.0004122707457501]
[50	130	113	12826	12872	0.9963686883585802]
[50	130	114	13249	13217	1.0023784339795758]
[50	130	115	13587	13568	1.0013822396814402]
[50	130	116	13876	13925	0.9964457691647118]
[50	130	117	14283	14288	0.9996493659192071]
[50	130	118	14672	14658	1.0009292243901295]
[50	130	119	15022	15034	0.9992080959816414]
[50	130	120	15430	15416	1.0009437759826152]
[50	130	121	15756	15805	0.9969002812681435]
[50	130	122	16204	16200	1.0002453550908559]
[50	130	123	16590	16601	0.9992915379920068]
[50	130	124	17048	17009	1.0022933507881266]
[50	130	125	17443	17424	1.001074438530612]
[50	130	126	17898	17846	1.0029235391501499]
[50	130	127	18271	18274	0.9998024718691252]
[50	130	128	18716	18709	1.000353814387808]
[50	130	129	19155	19151	1.0001873162315906]
[50	140	1	1	0	168.00000000000003]
[50	140	2	1	0	19.600000000000005]
[50	140	3	1	0	5.0814814814814815]
[50	140	4	1	0	3.1718750000000004]
[50	140	5	2	1	2.1056000000000004]
[50	140	6	3	2	1.8407407407407406]
[50	140	7	3	2	1.3918367346938774]
[50	140	8	5	4	1.2769531250000001]
[50	140	9	6	5	1.0696844993141292]
[50	140	10	7	7	1.0318000000000003]
[50	140	11	10	10	1.0602554470323067]
[50	140	12	13	12	1.0564814814814814]
[50	140	13	16	16	1.0310423304506144]
[50	140	14	20	20	1.0005102040816323]
[50	140	15	24	24	1.0150518518518519]
[50	140	16	28	29	0.9635253906250002]
[50	140	17	35	35	0.9964990840626908]
[50	140	18	42	42	1.0173525377229085]
[50	140	19	48	49	0.9795305438110514]
[50	140	20	56	57	0.9866500000000002]
[50	140	21	64	66	0.96130007558579]
[50	140	22	76	76	0.9946468820435764]
[50	140	23	88	87	1.0146461740774226]
[50	140	24	100	99	1.0121238425925925]
[50	140	25	113	112	1.0166912]
[50	140	26	125	126	0.9923304506144742]
[50	140	27	145	141	1.0345475791291976]
[50	140	28	164	157	1.0437499999999997]
[50	140	29	173	174	0.9948501373570049]
[50	140	30	191	193	0.9915629629629631]
[50	140	31	214	213	1.0048269611627674]
[50	140	32	238	234	1.0159912109375002]
[50	140	33	261	257	1.0155327378467875]
[50	140	34	276	281	0.9819662120903725]
[50	140	35	320	306	1.0438857142857143]
[50	140	36	330	333	0.9904063786008234]
[50	140	37	363	362	1.0034904151777782]
[50	140	38	389	392	0.9918537687709581]
[50	140	39	426	424	1.004679782194575]
[50	140	40	463	457	1.01311875]
[50	140	41	501	492	1.0171790891020152]
[50	140	42	541	529	1.022448979591837]
[50	140	43	566	568	0.9969059328109472]
[50	140	44	598	608	0.9827808039068371]
[50	140	45	647	651	0.9934814814814812]
[50	140	46	681	695	0.9788033204569737]
[50	140	47	745	742	1.004877531953421]
[50	140	48	798	790	1.0106427228009258]
[50	140	49	845	840	1.0060688998631526]
[50	140	50	895	893	1.0029375999999999]
[50	140	51	941	948	0.9930690307649398]
[50	140	52	1002	1004	0.998145197997269]
[50	140	53	1057	1063	0.9938526434573508]
[50	140	54	1125	1125	1.0005042422394959]
[50	140	55	1197	1188	1.0072510894064612]
[50	140	56	1256	1254	1.0015146683673466]
[50	140	57	1284	1323	0.9710334623878873]
[50	140	58	1394	1394	1.0004469227930621]
[50	140	59	1484	1467	1.011484134210411]
[50	140	60	1519	1543	0.9847444444444445]
[50	140	61	1614	1621	0.9954401469726541]
[50	140	62	1700	1702	0.9984827632506463]
[50	140	63	1787	1786	1.0006550768455529]
[50	140	64	1867	1872	0.9968772888183595]
[50	140	65	1962	1962	1.0003430131998179]
[50	140	66	2043	2054	0.9948124495645159]
[50	140	67	2128	2148	0.9907614965936634]
[50	140	68	2253	2246	1.00297743232241]
[50	140	69	2378	2346	1.0133293151785794]
[50	140	70	2460	2450	1.0041918367346938]
[50	140	71	2526	2557	0.9882311524373378]
[50	140	72	2640	2666	0.9901288151577505]
[50	140	73	2812	2779	1.0119506345481044]
[50	140	74	2889	2894	0.9982562730736579]
[50	140	75	2998	3013	0.9950478222222221]
[50	140	76	3164	3136	1.0089991252369153]
[50	140	77	3255	3261	0.9981385792483782]
[50	140	78	3400	3390	1.003066049663683]
[50	140	79	3531	3522	1.0027352805761816]
[50	140	80	3643	3657	0.9961027343750002]
[50	140	81	3813	3796	1.0045160234155812]
[50	140	82	3956	3938	1.0044706983357754]
[50	140	83	4090	4084	1.0015124513149125]
[50	140	84	4197	4234	0.9914635298563871]
[50	140	85	4410	4387	1.0053259515570936]
[50	140	86	4582	4543	1.0084813286880399]
[50	140	87	4708	4704	1.0009412257802925]
[50	140	88	4895	4868	1.0056295783245681]
[50	140	89	5059	5035	1.0047318392723652]
[50	140	90	5199	5207	0.998422770919067]
[50	140	91	5412	5383	1.0054582779857504]
[50	140	92	5569	5562	1.001197912385962]
[50	140	93	5796	5745	1.0088231966651626]
[50	140	94	6005	5933	1.0122130934378706]
[50	140	95	6102	6124	0.996349322058609]
[50	140	96	6309	6320	0.9983886718749999]
[50	140	97	6500	6519	0.9970697062365163]
[50	140	98	6713	6723	0.9985958231689179]
[50	140	99	6934	6931	1.0004563541753624]
[50	140	100	7201	7143	1.0081204]
[50	140	101	7349	7359	0.9985959442920079]
[50	140	102	7591	7580	1.0014818961033087]
[50	140	103	7818	7805	1.0015793514757114]
[50	140	104	8007	8035	0.9965670516613564]
[50	140	105	8261	8269	0.9990784580498865]
[50	140	106	8507	8507	0.9999979849137209]
[50	140	107	8682	8750	0.9921903149522099]
[50	140	108	9035	8998	1.0040628334095412]
[50	140	109	9243	9250	0.9991808677643511]
[50	140	110	9540	9507	1.0034034560480842]
[50	140	111	9737	9769	0.9967413724900943]
[50	140	112	10084	10035	1.0048698580994895]
[50	140	113	10332	10306	1.0025035744062116]
[50	140	114	10549	10582	0.9968696171021584]
[50	140	115	10902	10863	1.0035483520999426]
[50	140	116	11116	11149	0.9969982625363891]
[50	140	117	11532	11440	1.0080197900491568]
[50	140	118	11719	11736	0.9985401379887915]
[50	140	119	12076	12037	1.0032184500097618]
[50	140	120	12378	12343	1.0028561342592595]
[50	140	121	12684	12654	1.0023591623432666]
[50	140	122	12862	12970	0.9916530458496525]
[50	140	123	13279	13292	0.9990545267340439]
[50	140	124	13582	13619	0.9972851490383003]
[50	140	125	13978	13951	1.001957376]
[50	140	126	14170	14288	0.991718456930097]
[50	140	127	14655	14631	1.0016247938007687]
[50	140	128	14986	14980	1.000444793701172]
[50	140	129	15340	15333	1.000435461308089]
[50	140	130	15696	15693	1.0001958124715522]
[50	140	131	16091	16058	1.0020536535220328]
[50	140	132	16412	16428	0.9990246820825334]
[50	140	133	16817	16805	1.0007206381604983]
[50	140	134	17220	17186	1.0019621761985351]
[50	140	135	17548	17574	0.9985161611542954]
[50	140	136	17982	17968	1.0007829196773865]
[50	140	137	18338	18367	0.9984086976778375]
[50	140	138	18796	18772	1.0012575758959417]
[50	140	139	19192	19183	1.0004903897388275]
[50	150	1	1	0	160.14030612244895]
[50	150	2	1	0	18.510841836734688]
[50	150	3	1	0	4.974489795918367]
[50	150	4	1	0	2.851961096938775]
[50	150	5	1	1	2.0525510204081634]
[50	150	6	2	1	1.498724489795918]
[50	150	7	3	2	1.4056643065389418]
[50	150	8	4	3	1.1939223931760201]
[50	150	9	5	4	1.0676492819349963]
[50	150	10	7	6	1.1950255102040819]
[50	150	11	9	8	1.1100101197503793]
[50	150	12	11	10	1.0811941964285712]
[50	150	13	14	13	1.077681300103109]
[50	150	14	16	16	1.0341673112393643]
[50	150	15	21	20	1.080612244897959]
[50	150	16	24	24	0.9996998066804845]
[50	150	17	29	29	1.0195644001545257]
[50	150	18	33	34	0.9885204081632654]
[50	150	19	39	40	0.9851126629395014]
[50	150	20	45	46	0.9739716198979592]
[50	150	21	55	54	1.0178050812161596]
[50	150	22	60	62	0.9770805861788742]
[50	150	23	69	71	0.9702977106022818]
[50	150	24	77	80	0.9533940529336734]
[50	150	25	88	91	0.969575510204082]
[50	150	26	101	102	0.9933282456132202]
[50	150	27	116	114	1.0123596763808405]
[50	150	28	132	127	1.0375402780463496]
[50	150	29	140	142	0.9860427626706922]
[50	150	30	157	157	0.9984693877551019]
[50	150	31	170	173	0.9818016193083927]
[50	150	32	189	190	0.9911342542998643]
[50	150	33	211	209	1.011208390193042]
[50	150	34	229	228	1.0028724941533709]
[50	150	35	255	249	1.0225605402510858]
[50	150	36	270	271	0.9962709041950115]
[50	150	37	295	294	1.0022347931927393]
[50	150	38	316	319	0.9911691978511771]
[50	150	39	347	344	1.0065615914094357]
[50	150	40	372	372	1.000957629145408]
[50	150	41	415	400	1.0380202014788305]
[50	150	42	432	430	1.005022089010531]
[50	150	43	474	462	1.0272896969924095]
[50	150	44	490	495	0.9904624826545945]
[50	150	45	539	529	1.0183673469387755]
[50	150	46	566	565	1.0010794714039148]
[50	150	47	608	603	1.0083549278432464]
[50	150	48	651	642	1.012934470663265]
[50	150	49	681	683	0.9961130921952034]
[50	150	50	730	726	1.0050061224489797]
[50	150	51	770	770	0.999015523164283]
[50	150	52	825	817	1.0097873781966131]
[50	150	53	870	865	1.0057259636190565]
[50	150	54	937	914	1.0250447915791832]
[50	150	55	978	966	1.0125983225747102]
[50	150	56	1034	1020	1.0141942490712572]
[50	150	57	1075	1075	0.9998501149986162]
[50	150	58	1130	1133	0.9973304317729389]
[50	150	59	1207	1193	1.0123838620505587]
[50	150	60	1248	1254	0.9945471938775508]
[50	150	61	1295	1318	0.9820424374277843]
[50	150	62	1376	1384	0.9940987048204533]
[50	150	63	1446	1452	0.9958510453096043]
[50	150	64	1511	1522	0.9924151459518742]
[50	150	65	1615	1595	1.0127037797367466]
[50	150	66	1698	1670	1.0170301215903341]
[50	150	67	1747	1747	1.0001870582620924]
[50	150	68	1825	1826	0.9996304966623328]
[50	150	69	1919	1908	1.005857261948093]
[50	150	70	2001	1992	1.0047939474623668]
[50	150	71	2080	2079	1.0007000158345145]
[50	150	72	2189	2168	1.0098711793745279]
[50	150	73	2323	2259	1.0284394278871292]
[50	150	74	2329	2353	0.9897926951563599]
[50	150	75	2476	2450	1.0105020408163266]
[50	150	76	2561	2549	1.0045022044345875]
[50	150	77	2665	2651	1.0050869425492948]
[50	150	78	2755	2756	0.9996274198118026]
[50	150	79	2912	2863	1.016967145166436]
[50	150	80	2967	2973	0.9977357202646684]
[50	150	81	3126	3086	1.0128813375677965]
[50	150	82	3210	3202	1.0024239061492768]
[50	150	83	3316	3321	0.9985966213406926]
[50	150	84	3455	3442	1.0038425674570117]
[50	150	85	3541	3566	0.992722763846023]
[50	150	86	3671	3694	0.9938150140098047]
[50	150	87	3860	3824	1.0093313228362404]
[50	150	88	3922	3958	0.9910259575250789]
[50	150	89	4120	4094	1.006430761132614]
[50	150	90	4183	4234	0.9879771352985639]
[50	150	91	4360	4376	0.9963316431405418]
[50	150	92	4518	4522	0.9991224413529488]
[50	150	93	4658	4671	0.9970995212223388]
[50	150	94	4796	4824	0.9943112991852104]
[50	150	95	5010	4979	1.0062167686727703]
[50	150	96	5066	5138	0.9859552188795438]
[50	150	97	5261	5300	0.9925109501744563]
[50	150	98	5456	5466	0.998228028599773]
[50	150	99	5584	5635	0.9909010978963751]
[50	150	100	5847	5807	1.0067676658163267]
[50	150	101	5989	5983	1.0010048405905712]
[50	150	102	6193	6163	1.0049397137747833]
[50	150	103	6343	6346	0.9995680881549612]
[50	150	104	6587	6533	1.0083377131522984]
[50	150	105	6724	6723	1.000126435413816]
[50	150	106	6897	6917	0.9971597585933492]
[50	150	107	7080	7114	0.9951613401925232]
[50	150	108	7388	7316	1.0099074030332298]
[50	150	109	7548	7521	1.0036417847297123]
[50	150	110	7704	7730	0.9966778277802484]
[50	150	111	7957	7942	1.0018281146189945]
[50	150	112	8220	8159	1.0074740539394622]
[50	150	113	8415	8379	1.0042376410733662]
[50	150	114	8591	8604	0.9985460596981174]
[50	150	115	8890	8832	1.0065270646764497]
[50	150	116	9077	9065	1.0013658396673895]
[50	150	117	9276	9301	0.9973090409480941]
[50	150	118	9465	9542	0.9919368923566001]
[50	150	119	9831	9786	1.0045415187068099]
[50	150	120	10118	10035	1.0082270408163263]
[50	150	121	10290	10288	1.000140309211216]
[50	150	122	10634	10545	1.008415151050133]
[50	150	123	10810	10807	1.000257911379755]
[50	150	124	11027	11073	0.9958679461922311]
[50	150	125	11320	11343	0.9980196244897956]
[50	150	126	11562	11617	0.9952811907075757]
[50	150	127	11865	11896	0.9974524940613435]
[50	150	128	12200	12179	1.0017574441676236]
[50	150	129	12514	12467	1.0037967071568337]
[50	150	130	12806	12759	1.0037202284190871]
[50	150	131	13055	13056	0.999966272971792]
[50	150	132	13247	13357	0.9917868966003006]
[50	150	133	13680	13663	1.0012353658243658]
[50	150	134	14030	13973	1.0040515917102537]
[50	150	135	14308	14288	1.001352845665015]
[50	150	136	14707	14608	1.0067743914715541]
[50	150	137	14956	14933	1.0015312196040176]
[50	150	138	15277	15262	1.0009897076484904]
[50	150	139	15622	15596	1.0016071780312632]
[50	150	140	16035	15936	1.006257344410067]
[50	150	141	16293	16279	1.0008153594215587]
[50	150	142	16623	16628	0.9997029193182732]
[50	150	143	16996	16982	1.0008019407710624]
[50	150	144	17299	17341	0.9976105174600224]
[50	150	145	17692	17705	0.999261920521212]
[50	150	146	18098	18073	1.001370427459678]
[50	150	147	18489	18447	1.002271153852492]
[50	150	148	18818	18826	0.9995422985314345]
[50	150	149	19188	19211	0.9988054763028731]
[50	200	1	0	0	171.4285714285714]
[50	200	2	0	0	22.448979591836732]
[50	200	3	1	0	8.465608465608469]
[50	200	4	1	0	3.9540816326530606]
[50	200	5	1	0	2.8734693877551014]
[50	200	6	1	1	2.116402116402117]
[50	200	7	1	1	1.427976438388766]
[50	200	8	2	1	1.4588647959183672]
[50	200	9	2	2	1.2093726379440666]
[50	200	10	3	2	1.0612244897959182]
[50	200	11	4	3	1.0886398135512658]
[50	200	12	5	4	1.103080120937264]
[50	200	13	6	5	1.1388442495796678]
[50	200	14	7	7	1.05462009876837]
[50	200	15	9	8	1.067876039304611]
[50	200	16	11	10	1.0542889030612244]
[50	200	17	12	12	1.031000635548337]
[50	200	18	16	14	1.094594216287338]
[50	200	19	17	17	1.0395993942116866]
[50	200	20	20	20	1.0035714285714283]
[50	200	21	22	23	0.9815134346579579]
[50	200	22	25	26	0.969809411367853]
[50	200	23	31	30	1.0231757698558999]
[50	200	24	33	34	0.9870441232048377]
[50	200	25	38	38	0.9876897959183674]
[50	200	26	42	43	0.9862707030923428]
[50	200	27	49	48	1.0260589527687312]
[50	200	28	54	54	0.9960507526625808]
[50	200	29	60	60	1.0046349098497904]
[50	200	30	67	66	1.0148148148148148]
[50	200	31	75	73	1.0237306295080215]
[50	200	32	82	80	1.0184151785714284]
[50	200	33	89	88	1.0123157702850736]
[50	200	34	95	96	0.990811549533308]
[50	200	35	106	105	1.0118641042422802]
[50	200	36	112	114	0.9789409590996894]
[50	200	37	121	124	0.9788891767395369]
[50	200	38	135	134	1.0067213939081974]
[50	200	39	148	145	1.0151959433447175]
[50	200	40	159	157	1.0121173469387752]
[50	200	41	170	169	1.0086674213510944]
[50	200	42	178	182	0.9800259592013029]
[50	200	43	197	195	1.0087675504377358]
[50	200	44	207	209	0.9898380839939283]
[50	200	45	220	223	0.9856834915035972]
[50	200	46	236	238	0.9910966934649259]
[50	200	47	257	254	1.0098033800461423]
[50	200	48	265	271	0.9776697137188209]
[50	200	49	285	288	0.9895224483898057]
[50	200	50	310	306	1.0121142857142857]
[50	200	51	314	325	0.9667842531091635]
[50	200	52	345	344	1.0012784130493344]
[50	200	53	365	365	0.9995376268013603]
[50	200	54	390	386	1.0109988211105199]
[50	200	55	404	408	0.9916619390055043]
[50	200	56	435	430	1.0121340810376627]
[50	200	57	451	454	0.9929409550345549]
[50	200	58	480	478	1.0049696207975995]
[50	200	59	499	503	0.9925900060723972]
[50	200	60	531	529	1.0031557067271355]
[50	200	61	556	556	1.0000477429154595]
[50	200	62	571	584	0.977627128861682]
[50	200	63	619	613	1.0096550828036164]
[50	200	64	638	642	0.9934250189333544]
[50	200	65	666	673	0.9891187426267729]
[50	200	66	692	704	0.9826862542328892]
[50	200	67	754	737	1.0237092912061003]
[50	200	68	755	770	0.9806734112330052]
[50	200	69	802	805	0.9960401793110879]
[50	200	70	836	840	0.9944427916939372]
[50	200	71	865	877	0.9863699440956677]
[50	200	72	902	914	0.9867816725455615]
[50	200	73	974	953	1.0219373971013177]
[50	200	74	972	993	0.9792820055785725]
[50	200	75	1033	1034	0.9998996220710507]
[50	200	76	1090	1075	1.013313730507511]
[50	200	77	1125	1119	1.006217356842613]
[50	200	78	1164	1163	1.0011418718096654]
[50	200	79	1216	1208	1.0068748545826423]
[50	200	80	1248	1254	0.9946906887755099]
[50	200	81	1308	1302	1.0049304146458324]
[50	200	82	1335	1351	0.988524572203194]
[50	200	83	1412	1401	1.0076822170436452]
[50	200	84	1457	1452	1.003660291457043]
[50	200	85	1514	1505	1.0064493617516213]
[50	200	86	1559	1558	1.0005793354609003]
[50	200	87	1636	1613	1.0142857421782934]
[50	200	88	1670	1670	1.0004932899155154]
[50	200	89	1707	1727	0.9881285560074273]
[50	200	90	1769	1786	0.9903474146860389]
[50	200	91	1836	1846	0.9943891911218148]
[50	200	92	1901	1908	0.9965218313839878]
[50	200	93	1975	1971	1.0024079824642793]
[50	200	94	2047	2035	1.006127579375181]
[50	200	95	2113	2101	1.0057990246689141]
[50	200	96	2153	2168	0.9930415308484507]
[50	200	97	2252	2236	1.0070531330297192]
[50	200	98	2307	2306	1.0005939493835085]
[50	200	99	2385	2377	1.00336418496373]
[50	200	100	2443	2450	0.997138775510204]
[50	200	101	2514	2524	0.9959918786562648]
[50	200	102	2566	2600	0.9869807207773534]
[50	200	103	2691	2677	1.0051019521036149]
[50	200	104	2743	2756	0.9954799796568603]
[50	200	105	2874	2836	1.0133097100194142]
[50	200	106	2883	2918	0.9879577347304781]
[50	200	107	3000	3001	0.9997116802580539]
[50	200	108	3047	3086	0.9871838538799149]
[50	200	109	3140	3173	0.989775329434353]
[50	200	110	3246	3261	0.995314248915193]
[50	200	111	3346	3351	0.9987417688555117]
[50	200	112	3417	3442	0.9927504164931276]
[50	200	113	3546	3535	1.0031151473283917]
[50	200	114	3606	3630	0.9934919521906382]
[50	200	115	3762	3726	1.0095772606733169]
[50	200	116	3890	3824	1.017113352372808]
[50	200	117	3888	3924	0.9907970710700746]
[50	200	118	4043	4025	1.00444216073996]
[50	200	119	4154	4129	1.0061571008299817]
[50	200	120	4281	4234	1.0111181972789116]
[50	200	121	4395	4340	1.0125141681516459]
[50	200	122	4476	4449	1.0062156600538983]
[50	200	123	4575	4559	1.0033966721437055]
[50	200	124	4691	4671	1.0042154218607318]
[50	200	125	4722	4785	0.9867201306122448]
[50	200	126	4887	4901	0.9971921197182275]
[50	200	127	4986	5019	0.993564191852793]
[50	200	128	5130	5138	0.9984658688915018]
[50	200	129	5209	5259	0.9903547619004838]
[50	200	130	5341	5383	0.9922900430085551]
[50	200	131	5529	5508	1.0039011874918748]
[50	200	132	5605	5635	0.9947733789233199]
[50	200	133	5785	5764	1.0036831184820802]
[50	200	134	5930	5895	1.0059245916525092]
[50	200	135	6077	6028	1.00811080109532]
[50	200	136	6146	6163	0.9972241491752409]
[50	200	137	6275	6300	0.9960165734077088]
[50	200	138	6384	6439	0.9915144747067163]
[50	200	139	6548	6580	0.9951188921740698]
[50	200	140	6793	6723	1.0103691914083421]
[50	200	141	6900	6868	1.0046416793614292]
[50	200	142	6982	7015	0.9953449264179747]
[50	200	143	7188	7164	1.0033112552970318]
[50	200	144	7271	7316	0.9939252514277317]
[50	200	145	7492	7469	1.0030631072388774]
[50	200	146	7662	7625	1.0048758165072584]
[50	200	147	7767	7782	0.9980094587698561]
[50	200	148	8011	7942	1.0086686244987404]
[50	200	149	8075	8104	0.9963458398209272]
[50	200	150	8180	8269	0.9892559334845049]
[50	200	151	8443	8435	1.0008725369721547]
[50	200	152	8617	8604	1.0014668181385395]
[50	200	153	8727	8775	0.9945898133699204]
[50	200	154	8952	8948	1.0004406771766101]
[50	200	155	9154	9123	1.003321781198129]
[50	200	156	9277	9301	0.9973434450399792]
[50	200	157	9558	9481	1.0081415687720563]
[50	200	158	9644	9664	0.9979692379346071]
[50	200	159	9769	9848	0.9919677259638626]
[50	200	160	10020	10035	0.9984474649234693]
[50	200	161	10231	10225	1.0006720645663958]
[50	200	162	10438	10416	1.0021347811028534]
[50	200	163	10601	10610	0.9991526983729158]
[50	200	164	10822	10807	1.0014432747460937]
[50	200	165	10965	11006	0.996297716014363]
[50	200	166	11165	11207	0.9962358253642547]
[50	200	167	11373	11411	0.9967027376168056]
[50	200	168	11667	11617	1.004303314701326]
[50	200	169	11888	11826	1.0052891621587272]
[50	200	170	11980	12037	0.9952911268313555]
[50	200	171	12279	12251	1.0022932134304752]
[50	200	172	12414	12467	0.995809828578821]
[50	200	173	12695	12685	1.000723141973537]
[50	200	174	12858	12907	0.996241567957154]
[50	200	175	13137	13130	1.0004806568691618]
[50	200	176	13361	13357	1.0002963872203652]
[50	200	177	13515	13586	0.9947599154452267]
[50	200	178	13873	13817	1.0040497945183926]
[50	200	179	14062	14052	1.0007343978112127]
[50	200	180	14262	14288	0.9981327510428039]
[50	200	181	14551	14528	1.0016006859424762]
[50	200	182	14783	14770	1.0009132300386683]
[50	200	183	15020	15015	1.0003307970979274]
[50	200	184	15272	15262	1.0006070650706242]
[50	200	185	15606	15512	1.0060228114699572]
[50	200	186	15776	15765	1.0006902965946205]
[50	200	187	16026	16021	1.0003378462020458]
[50	200	188	16204	16279	0.9953606284793568]
[50	200	189	16511	16541	0.9982377281325081]
[50	200	190	16800	16805	0.9997423316899293]
[50	200	191	17053	17071	0.9989213494395658]
[50	200	192	17346	17341	1.000290320663856]
[50	200	193	17586	17613	0.9984699165491586]
[50	200	194	17862	17888	0.9985258148541792]
[50	200	195	18177	18166	1.0005827365083493]
[50	200	196	18492	18447	1.0024419099635877]
[50	200	197	18737	18731	1.0002902195530152]
[50	200	198	19020	19018	1.0001245986641063]
[50	200	199	19304	19307	0.9998157422773967]
 (: 62  20 )
